
 Hello World -- psum examples

10,  0522, 0322, 0262, 0341, 0251, 0250, 0260, 0270
20,  0262, 0248, 0246, 0249, 0246, 0243, 0249, 0251
30,  0268, 0267, 0259, 0259, 0255, 0252, 0256, 0254
40,  0270, 0270, 0266, 0269, 0268, 0259, 0257, 0258
50,  0284, 0281, 0283, 0285, 0279, 0267, 0266, 0267
60,  0293, 0293, 0291, 0297, 0291, 0277, 0273, 0275
70,  0306, 0306, 0306, 0306, 0303, 0283, 0286, 0286
80,  0317, 0317, 0315, 0316, 0316, 0294, 0288, 0289
90,  0326, 0328, 0330, 0333, 0326, 0297, 0299, 0302
100,  0339, 0341, 0338, 0344, 0338, 0308, 0305, 0305
110,  0352, 0353, 0354, 0353, 0350, 0313, 0312, 0315
120,  0363, 0365, 0361, 0363, 0363, 0320, 0319, 0320
130,  0374, 0376, 0377, 0380, 0374, 0332, 0328, 0330
140,  0386, 0388, 0385, 0392, 0385, 0338, 0339, 0341
150,  0399, 0401, 0401, 0401, 0398, 0346, 0345, 0345
160,  0410, 0412, 0409, 0410, 0410, 0358, 0352, 0352
170,  0422, 0423, 0424, 0428, 0421, 0360, 0366, 0368
180,  0434, 0435, 0433, 0439, 0432, 0374, 0367, 0369
190,  0446, 0449, 0448, 0448, 0445, 0377, 0377, 0384
200,  0458, 0460, 0456, 0457, 0457, 0389, 0385, 0383
