9505, 468197751, 737305756
9510, 468149525, 727611172
9515, 468597535, 739392011
9520, 468884452, 768875300
9525, 470421791, 723403056
9530, 470477350, 735596121
9535, 470599134, 730739434
9540, 470903784, 761064606
9545, 471359260, 742095772
9550, 471712091, 739206696
9555, 472444536, 744522067
9560, 472980458, 775587603
9565, 473359048, 740200766
9570, 473822706, 746776684
9575, 474226069, 747920181
9580, 474907309, 765978028
9585, 475674531, 754124563
9590, 475891737, 749220396
9595, 476409696, 744501311
9600, 476692573, 2363335212
9605, 477656402, 744309028
9610, 477874627, 757404523
9615, 478419328, 748805984
9620, 478866139, 767223319
9625, 480096101, 759064788
9630, 480014620, 756606030
9635, 480355788, 759070427
9640, 481006319, 783228340
9645, 481440761, 764918193
9650, 482305669, 772703712
9655, 482451936, 767137271
9660, 482699519, 767627722
9665, 483393807, 769718418
9670, 483892849, 768987124
9675, 484137746, 771959522
9680, 485035526, 792290764
9685, 485504141, 772489732
9690, 485949825, 774234708
9695, 486402956, 775303378
9700, 486721458, 775111090
9705, 487296557, 788283879
9710, 487746009, 775102301
9715, 488269147, 793048466
9720, 488883484, 793319938
9725, 489145094, 806613891
9730, 489746265, 789057801
9735, 490178880, 800104490
9740, 490928195, 776598171
9745, 491599695, 787560322
9750, 492522927, 779790487
9755, 492421839, 787099136
9760, 493100777, 815356304
9765, 493490182, 792485885
9770, 494013049, 780740656
9775, 494517683, 789281863
9780, 495225785, 787987105
9785, 495517478, 791791942
9790, 496102336, 788629199
9795, 496653590, 805105621
9800, 496745487, 806814578
9805, 497767288, 818724751
9810, 497932227, 791488165
9815, 498523531, 801862759
9820, 499140714, 789637346
9825, 499300987, 801236541
9830, 500477050, 787803204
9835, 500489796, 789929981
9840, 501086165, 829107182
9845, 501817902, 789688543
9850, 501766158, 790993793
9855, 502723323, 789438371
9860, 502767064, 802482523
9865, 503431192, 792006392
9870, 503963428, 793496076
9875, 505217883, 797780454
9880, 504984834, 822367055
9885, 505677369, 801480668
9890, 505993626, 796471994
9895, 506538538, 809849075
9900, 507502480, 806782989
9905, 507940843, 810694480
9910, 508291481, 799250212
9915, 508539710, 806030195
9920, 509091437, 2287472671
9925, 509575360, 802892760
9930, 510270561, 806631353
9935, 510766393, 807842312
9940, 511193080, 824135861
9945, 511690164, 804954677
9950, 512114496, 810791321
9955, 512831612, 803395880
9960, 513331684, 851226380
9965, 514013435, 804789172
9970, 514751619, 804477336
9975, 515127093, 811601042
9980, 515418511, 817644749
9985, 515860912, 820197218
9990, 516321866, 802448998
9995, 517720257, 808092851
10000, 517420834, 836666372
10005, 518069149, 811325366
10010, 518375171, 824639777
10015, 518794166, 822075779
10020, 520178352, 839972963
10025, 520038205, 824483764
10030, 520771597, 823641123
10035, 521106624, 825353050
10040, 521249354, 862377034
10045, 522164357, 822585923
10050, 522656341, 826555564
10055, 523256580, 823203354
10060, 523738179, 840887204
10065, 524035092, 831227616
10070, 524622963, 828376048
10075, 525380677, 815611937
10080, 525810484, 875295384
10085, 526257247, 828208957
10090, 526526793, 837554873
10095, 527254927, 835075316
10100, 528239051, 846857761
10105, 528435071, 820653987
10110, 529526353, 839470847
10115, 529794753, 814038571
10120, 530678095, 869374222
10125, 530411259, 822557028
10130, 531001267, 862093242
10135, 531796623, 826788197
10140, 531978839, 863419199
10145, 532535234, 836598110
10150, 532964955, 885675187
10155, 533445159, 850945644
10160, 533945398, 896458803
10165, 534606348, 854723303
10170, 535590505, 907321874
10175, 535331767, 846920080
10180, 536330624, 884263459
10185, 536842321, 847575044
10190, 537302255, 927925802
10195, 537508073, 855849437
10200, 538071894, 902987602
10205, 538758589, 852804390
10210, 539417277, 942126758
10215, 540984240, 845731686
10220, 540748396, 899881706
10225, 540864212, 844496737
10230, 541469605, 960445198
10235, 542093954, 855466835
10240, 542417702, 2993155801
10245, 543700079, 863013367
10250, 543631214, 945604683
10255, 544383009, 849900643
10260, 544808097, 900806831
10265, 544868589, 858207885
10270, 545474529, 951674209
10275, 545987429, 863068716
10280, 546855145, 917015559
10285, 547348308, 870972041
10290, 547580689, 946412381
10295, 548317713, 867721953
10300, 548953548, 906644963
10305, 549615482, 869368310
10310, 549652437, 933943245
10315, 550638500, 878022258
10320, 551067150, 925457092
10325, 551610695, 880275165
10330, 552326647, 918534996
10335, 552296642, 870403434
10340, 553102953, 899522461
10345, 553547825, 863209508
10350, 554350546, 899768577
10355, 554358149, 865169284
10360, 556006019, 916661759
10365, 555834244, 854248842
10370, 556116959, 883871476
10375, 556789567, 864322096
10380, 557491584, 895128329
10385, 558048093, 881664484
10390, 558694531, 885379683
10395, 558945226, 887803461
10400, 559544639, 934284163
10405, 560176840, 881868197
10410, 560474793, 886236273
10415, 561105993, 881618843
10420, 561604552, 903237521
10425, 562350110, 887640273
10430, 562865084, 888712118
10435, 563760522, 890445881
10440, 564594564, 941026039
10445, 564344486, 899139981
10450, 565107995, 894513423
10455, 565861705, 900798229
10460, 565855344, 912983238
10465, 566488765, 896986521
10470, 567764206, 899492324
10475, 567735412, 898700221
10480, 568370354, 938662007
10485, 568607207, 892903174
10490, 569225046, 889418403
10495, 569979090, 910923385
10500, 570490423, 900103003

