
 Hello World -- 2D Combine 

9505, 468197751, 737305756
9510, 468149525, 727611172
9515, 468597535, 739392011
9520, 468884452, 768875300
9525, 470421791, 723403056
9530, 470477350, 735596121
9535, 470599134, 730739434
9540, 470903784, 761064606
9545, 471359260, 742095772
9550, 471712091, 739206696
9555, 472444536, 744522067
9560, 472980458, 775587603
9565, 473359048, 740200766
9570, 473822706, 746776684
9575, 474226069, 747920181
9580, 474907309, 765978028
9585, 475674531, 754124563
9590, 475891737, 749220396
9595, 476409696, 744501311
9600, 476692573, 2363335212
9605, 477656402, 744309028
9610, 477874627, 757404523
9615, 478419328, 748805984
9620, 478866139, 767223319
9625, 480096101, 759064788
9630, 480014620, 756606030
9635, 480355788, 759070427
9640, 481006319, 783228340
9645, 481440761, 764918193
9650, 482305669, 772703712
9655, 482451936, 767137271
9660, 482699519, 767627722
9665, 483393807, 769718418
9670, 483892849, 768987124
9675, 484137746, 771959522
9680, 485035526, 792290764
9685, 485504141, 772489732
9690, 485949825, 774234708
9695, 486402956, 775303378
9700, 486721458, 775111090
9705, 487296557, 788283879
9710, 487746009, 775102301
9715, 488269147, 793048466
9720, 488883484, 793319938
9725, 489145094, 806613891
9730, 489746265, 789057801
9735, 490178880, 800104490
9740, 490928195, 776598171
9745, 491599695, 787560322
9750, 492522927, 779790487
9755, 492421839, 787099136
9760, 493100777, 815356304
9765, 493490182, 792485885
9770, 494013049, 780740656
9775, 494517683, 789281863
9780, 495225785, 787987105
9785, 495517478, 791791942
9790, 496102336, 788629199
9795, 496653590, 805105621
9800, 496745487, 806814578
9805, 497767288, 818724751
9810, 497932227, 791488165
9815, 498523531, 801862759
9820, 499140714, 789637346
9825, 499300987, 801236541
9830, 500477050, 787803204
9835, 500489796, 789929981
9840, 501086165, 829107182
9845, 501817902, 789688543
9850, 501766158, 790993793
9855, 502723323, 789438371
9860, 502767064, 802482523
9865, 503431192, 792006392
9870, 503963428, 793496076
9875, 505217883, 797780454
9880, 504984834, 822367055
9885, 505677369, 801480668
9890, 505993626, 796471994
9895, 506538538, 809849075
9900, 507502480, 806782989
9905, 507940843, 810694480
9910, 508291481, 799250212
9915, 508539710, 806030195
9920, 509091437, 2287472671
9925, 509575360, 802892760
9930, 510270561, 806631353
9935, 510766393, 807842312
9940, 511193080, 824135861
9945, 511690164, 804954677
9950, 512114496, 810791321
9955, 512831612, 803395880
9960, 513331684, 851226380
9965, 514013435, 804789172
9970, 514751619, 804477336
9975, 515127093, 811601042
9980, 515418511, 817644749
9985, 515860912, 820197218
9990, 516321866, 802448998
9995, 517720257, 808092851
10000, 517420834, 836666372
10005, 518069149, 811325366
10010, 518375171, 824639777
10015, 518794166, 822075779
10020, 520178352, 839972963
10025, 520038205, 824483764
10030, 520771597, 823641123
10035, 521106624, 825353050
10040, 521249354, 862377034
10045, 522164357, 822585923
10050, 522656341, 826555564
10055, 523256580, 823203354
10060, 523738179, 840887204
10065, 524035092, 831227616
10070, 524622963, 828376048
10075, 525380677, 815611937
10080, 525810484, 875295384
10085, 526257247, 828208957
10090, 526526793, 837554873
10095, 527254927, 835075316
10100, 528239051, 846857761
10105, 528435071, 820653987
10110, 529526353, 839470847
10115, 529794753, 814038571
10120, 530678095, 869374222
10125, 530411259, 822557028
10130, 531001267, 862093242
10135, 531796623, 826788197
10140, 531978839, 863419199
10145, 532535234, 836598110
10150, 532964955, 885675187
10155, 533445159, 850945644
10160, 533945398, 896458803
10165, 534606348, 854723303
10170, 535590505, 907321874
10175, 535331767, 846920080
10180, 536330624, 884263459
10185, 536842321, 847575044
10190, 537302255, 927925802
10195, 537508073, 855849437
10200, 538071894, 902987602
10205, 538758589, 852804390
10210, 539417277, 942126758
10215, 540984240, 845731686
10220, 540748396, 899881706
10225, 540864212, 844496737
10230, 541469605, 960445198
10235, 542093954, 855466835
10240, 542417702, 2993155801
10245, 543700079, 863013367
10250, 543631214, 945604683
10255, 544383009, 849900643
10260, 544808097, 900806831
10265, 544868589, 858207885
10270, 545474529, 951674209
10275, 545987429, 863068716
10280, 546855145, 917015559
10285, 547348308, 870972041
10290, 547580689, 946412381
10295, 548317713, 867721953
10300, 548953548, 906644963
10305, 549615482, 869368310
10310, 549652437, 933943245
10315, 550638500, 878022258
10320, 551067150, 925457092
10325, 551610695, 880275165
10330, 552326647, 918534996
10335, 552296642, 870403434
10340, 553102953, 899522461
10345, 553547825, 863209508
10350, 554350546, 899768577
10355, 554358149, 865169284
10360, 556006019, 916661759
10365, 555834244, 854248842
10370, 556116959, 883871476
10375, 556789567, 864322096
10380, 557491584, 895128329
10385, 558048093, 881664484
10390, 558694531, 885379683
10395, 558945226, 887803461
10400, 559544639, 934284163
10405, 560176840, 881868197
10410, 560474793, 886236273
10415, 561105993, 881618843
10420, 561604552, 903237521
10425, 562350110, 887640273
10430, 562865084, 888712118
10435, 563760522, 890445881
10440, 564594564, 941026039
10445, 564344486, 899139981
10450, 565107995, 894513423
10455, 565861705, 900798229
10460, 565855344, 912983238
10465, 566488765, 896986521
10470, 567764206, 899492324
10475, 567735412, 898700221
10480, 568370354, 938662007
10485, 568607207, 892903174
10490, 569225046, 889418403
10495, 569979090, 910923385
10500, 570490423, 900103003


9505, 482398704, 752090176
9510, 480178824, 756745160
9515, 481980472, 756039784
9520, 488325472, 784559884
9525, 483145684, 740563364
9530, 483059996, 750427288
9535, 483320020, 747045312
9540, 485840984, 780871280
9545, 492245180, 769057372
9550, 486183948, 763891124
9555, 486284224, 761101980
9560, 485681948, 794235916
9565, 486468496, 757103072
9570, 488908456, 763402616
9575, 498880824, 771680856
9580, 497906480, 783025064
9585, 489782576, 775017772
9590, 488881028, 766656808
9595, 490982612, 786729272
9600, 488769408, 2414185656
9605, 491020328, 759802824
9610, 492248096, 772918248
9615, 491395444, 775195044
9620, 497962388, 786275020
9625, 498383188, 775223104
9630, 494161832, 782088328
9635, 494771496, 783224496
9640, 494060252, 801828164
9645, 495441620, 790430924
9650, 498800204, 787941704
9655, 504402220, 783861104
9660, 497599352, 789339708
9665, 495887520, 799571712
9670, 499342072, 786023012
9675, 503326396, 788861504
9680, 499015028, 809991604
9685, 499055476, 798196824
9690, 498274124, 790015248
9695, 501300436, 802995432
9700, 513013012, 792869944
9705, 501365760, 812395008
9710, 501609684, 798870416
9715, 501601652, 815580252
9720, 502797420, 809985692
9725, 505528244, 832657100
9730, 506607244, 816829348
9735, 514675460, 817770680
9740, 503621192, 807562584
9745, 534524048, 803887028
9750, 505142320, 797170944
9755, 506982472, 807982440
9760, 507131568, 833252984
9765, 506459068, 811068964
9770, 509999844, 799703504
9775, 512180320, 825694528
9780, 508833844, 806309764
9785, 509594284, 817147532
9790, 508776584, 805151704
9795, 513879332, 821253028
9800, 513715988, 826658176
9805, 523113376, 847708608
9810, 514208948, 808362384
9815, 512934868, 819309504
9820, 513485356, 819870128
9825, 518348540, 832481056
9830, 514584136, 805017688
9835, 515679712, 806530084
9840, 515189128, 847488760
9845, 517581512, 807595252
9850, 514823004, 825328816
9855, 517278340, 811251528
9860, 518332328, 819480256
9865, 517594296, 816703000
9870, 544962132, 819002608
9875, 516679872, 815843240
9880, 527876632, 848518468
9885, 521858092, 919761868
9890, 520267864, 813010724
9895, 527213764, 838408212
9900, 522115604, 834587456
9905, 521977800, 829905020
9910, 521372864, 819665500
9915, 524811852, 836642684
9920, 526515496, 2348245192
9925, 525871560, 820570776
9930, 524500440, 832208012
9935, 524447768, 823204996
9940, 527148276, 841157216
9945, 535201704, 830983004
9950, 527346868, 836835164
9955, 538006720, 822110900
9960, 526488180, 872797448
9965, 529819956, 831580376
9970, 527713076, 822482764
9975, 529373740, 835722760
9980, 530798380, 834470580
9985, 529598380, 837358348
9990, 559268884, 820638244
9995, 530076684, 867596784
10000, 532524552, 855939524
10005, 533669636, 836136388
10010, 533947616, 841044248
10015, 537240892, 840688752
10020, 538282984, 870247132
10025, 543766936, 842753592
10030, 534457032, 841777772
10035, 536880324, 845495980
10040, 544141788, 901369124
10045, 537253348, 841658068
10050, 537471360, 846831616
10055, 538497676, 842079016
10060, 539158552, 857825484
10065, 548164132, 855616080
10070, 541024664, 857113268
10075, 541413392, 832432752
10080, 540933260, 903552020
10085, 541688260, 857249968
10090, 541226332, 860687804
10095, 551911532, 860499496
10100, 541466344, 862708864
10105, 544280916, 840549252
10110, 553168008, 874031712
10115, 545475340, 832878696
10120, 545037128, 887921868
10125, 545337900, 840848180
10130, 547699740, 889352016
10135, 547258924, 843351796
10140, 546515668, 883438116
10145, 548404120, 885554180
10150, 548397684, 905317912
10155, 551422200, 873731704
10160, 558679260, 914787300
10165, 558472720, 872557908
10170, 549931084, 945629208
10175, 551326400, 874380168
10180, 563449964, 904009140
10185, 552204848, 879810300
10190, 553314396, 949190108
10195, 553174252, 876069888
10200, 555032328, 922700540
10205, 556455448, 874199476
10210, 555117372, 962328372
10215, 554241060, 887578080
10220, 555585784, 920748212
10225, 565802884, 868597452
10230, 577576592, 985434632
10235, 559292956, 876336296
10240, 557586524, 3043833928
10245, 561022984, 901999944
10250, 558614512, 962101532
10255, 559357620, 869323216
10260, 558877832, 922248156
10265, 562254768, 877487288
10270, 565234328, 978790808
10275, 561561612, 905159276
10280, 564158292, 1396906876
10285, 563488312, 935699560
10290, 563606492, 968258472
10295, 571845448, 894488500
10300, 580445012, 925988212
10305, 567757148, 893502356
10310, 566537912, 964205012
10315, 566367192, 898697900
10320, 567241528, 947294964
10325, 567638744, 909948444
10330, 567893328, 938870676
10335, 578950212, 887656208
10340, 570285532, 930982060
10345, 570721392, 883801220
10350, 569912496, 926302384
10355, 571765812, 882644816
10360, 572999992, 940243944
10365, 580450024, 880725892
10370, 573496236, 906870380
10375, 573976904, 896404140
10380, 580693984, 914253792
10385, 575196968, 901568208
10390, 574706592, 905887344
10395, 576494072, 911803536
10400, 578204420, 954480320
10405, 584388192, 906682012
10410, 578173460, 936867700
10415, 576610432, 903506744
10420, 580799456, 924990824
10425, 578784264, 904250616
10430, 587953828, 915703064
10435, 580727552, 908293328
10440, 579246332, 961909128
10445, 611425620, 935533064
10450, 580450784, 924037464
10455, 582016296, 922831160
10460, 581677084, 938731800
10465, 588136752, 916546316
10470, 583340660, 919710244
10475, 584672332, 922036896
10480, 584243964, 971985116
10485, 584635148, 921776616
10490, 594654500, 919875416
10495, 594323172, 927984636
10500, 588077832, 924725400
