
 Hello World -- Transpose 

size,   ij,   ji, block = 10
100, 137462, 127720, 107410, 94512
200, 516810, 445398, 414940, 312154
300, 4550428, 4763814, 4771882, 1677064
400, 12189376, 13053796, 10934956, 5127382
500, 24368404, 23430822, 22846122, 7834414
600, 37124602, 37691978, 35549000, 12676814
700, 57261310, 50684650, 47973642, 19499418
800, 68162832, 67894436, 65347932, 27507478
900, 86632826, 87604474, 86019934, 43975618
1000, 108531062, 106937794, 101839122, 53607804
1100, 131307936, 130461662, 123465128, 67963918
1200, 154620376, 158710272, 155632020, 78556896
1300, 184655998, 195238194, 177510730, 95937510
1400, 230588308, 228433488, 204306510, 110973064
1500, 269743166, 252984750, 237729406, 129079918
1600, 304308618, 303747596, 285843182, 153703214
1700, 325417930, 326108282, 307249698, 171930154
1800, 381081416, 373610710, 345580528, 201091502
1900, 408868420, 410984110, 397971902, 216020156
2000, 462648004, 463627730, 426467208, 252782822
2100, 530159320, 506415974, 472222568, 322676884
2200, 556496862, 549347890, 519013616, 300237350
2300, 631690376, 624170544, 579958210, 327957376
2400, 677029554, 692141008, 672059324, 366668996
2500, 765448892, 740088954, 681499262, 399651102
2600, 811301602, 804909740, 753220024, 433031092
2700, 949363986, 832543264, 804446130, 481755276
2800, 938577936, 909018292, 899200060, 512737928
2900, 991770844, 952635242, 943022544, 564844470
3000, 1079881496, 1040636818, 1060071592, 606875982
3100, 1152769362, 1120995350, 1168870554, 645799184
