
 Hello World!  temp address = 47070563401792

 0, 1898
 1, 1428
 2, 1344
 3, 1374
 4, 1364
 5, 1360
 6, 1366
 7, 1332
 8, 1330
 9, 1356
 10, 1336
 11, 1346
 12, 1356
 13, 1348
 14, 1358
 15, 1368
 16, 1344
 17, 1342
 18, 13374
 19, 1232
 20, 1232
 21, 1236
 22, 1236
 23, 1240
 24, 1230
 25, 1290
 26, 1270
 27, 2020
 28, 2010
 29, 1950
 30, 1980
 31, 2012
 32, 1900
 33, 1990
 34, 2048
 35, 1996
 36, 2006
 37, 2048
 38, 1990
 39, 1988
 40, 1878
 41, 1982
 42, 1972
 43, 2038
 44, 2028
 45, 2038
 46, 1970
 47, 2032
 48, 1890
 49, 2034
 50, 2040
 51, 2036
 52, 1974
 53, 2012
 54, 2062
 55, 1974
 56, 1904
 57, 2022
 58, 1988
 59, 2024
 60, 2014
 61, 1982
 62, 2030
 63, 2006
 0, 544
 1, 514
 2, 516
 3, 514
 4, 528
 5, 520
 6, 510
 7, 520
 8, 524
 9, 508
 10, 510
 11, 508
 12, 506
 13, 514
 14, 516
 15, 514
 16, 514
 17, 508
 18, 508
 19, 510
 20, 506
 21, 506
 22, 508
 23, 506
 24, 504
 25, 508
 26, 506
 27, 508
 28, 504
 29, 508
 30, 504
 31, 506
 32, 510
 33, 506
 34, 508
 35, 502
 36, 508
 37, 506
 38, 508
 39, 502
 40, 508
 41, 508
 42, 506
 43, 508
 44, 504
 45, 502
 46, 508
 47, 508
 48, 508
 49, 508
 50, 504
 51, 506
 52, 508
 53, 508
 54, 506
 55, 510
 56, 508
 57, 504
 58, 504
 59, 506
 60, 508
 61, 508
 62, 508
 63, 506

Good Bye World!

