0.50 1720.7
0.51 1698.8
0.52 1671.1
0.53 1610.5
0.54 1541.6
0.55 1485.5
0.56 1486.1
0.57 1446.3
0.58 1366.3
0.59 1388.4
0.60 1362.3
0.61 1311.8
0.62 1273.5
0.63 1274.3
0.64 1240.9
0.65 1198.0
0.66 1211.4
0.67 1159.5
0.68 1155.4
0.69 1109.7
0.70 1083.2
0.71 1065.2
0.72 1012.0
0.73 1017.2
0.74 1008.9
0.75 969.1
0.76 965.5
0.77 925.9
0.78 921.6
0.79 902.2
0.80 898.0
0.81 867.9
0.82 820.8
0.83 826.7
0.84 823.9
0.85 820.2
0.86 779.4
0.87 777.5
0.88 760.3
0.89 740.8
0.90 738.2
0.91 700.0
0.92 704.3
0.93 693.9
0.94 685.7
0.95 676.3
0.96 655.9
0.97 640.9
0.98 636.7
0.99 620.8
1.00 612.9
1.01 610.6
1.02 583.6
1.03 590.4
1.04 565.1
1.05 546.9
1.06 551.6
1.07 539.1
1.08 537.9
1.09 505.2
1.10 491.7
1.11 505.0
1.12 485.0
1.13 477.0
1.14 464.4
1.15 451.3
1.16 449.3
1.17 436.6
1.18 433.4
1.19 420.2
1.20 409.4
1.21 410.3
1.22 393.6
1.23 405.8
1.24 386.1
1.25 379.2
1.26 372.9
1.27 365.3
1.28 351.0
1.29 345.5
1.30 348.1
1.31 334.6
1.32 327.4
1.33 320.3
1.34 326.0
1.35 304.9
1.36 308.8
1.37 295.6
1.38 291.0
1.39 286.5
1.40 279.4
1.41 279.5
1.42 262.9
1.43 266.7
1.44 250.0
1.45 251.2
1.46 245.3
1.47 237.8
1.48 230.8
1.49 223.2
1.50 219.5
1.51 214.4
1.52 214.6
1.53 203.2
1.54 201.4
1.55 195.6
1.56 185.6
1.57 183.5
1.58 178.1
1.59 174.4
1.60 167.4
1.61 161.1
1.62 158.7
1.63 155.1
1.64 148.4
1.65 145.3
1.66 139.4
1.67 133.4
1.68 129.0
1.69 124.8
1.70 118.7
1.71 117.0
1.72 110.8
1.73 107.8
1.74 99.2
1.75 95.8
1.76 91.2
1.77 85.7
1.78 81.8
1.79 76.8
1.80 75.3
1.81 78.2
1.82 82.5
1.83 87.4
1.84 92.8
1.85 98.6
1.86 105.4
1.87 112.8
1.88 120.4
1.89 131.0
1.90 144.4
1.91 160.4
1.92 179.2
1.93 205.1
1.94 238.7
1.95 287.3
1.96 358.9
1.97 479.4
1.98 720.2
1.99 1444.8
