1.50 1504.3
1.51 1448.4
1.52 1616.7
1.53 1517.2
1.54 1159.7
1.55 1538.5
1.56 1450.0
1.57 1309.0
1.58 1315.5
1.59 1260.1
1.60 1263.6
1.61 1209.8
1.62 1196.2
1.63 1064.2
1.64 1244.1
1.65 1101.2
1.66 1004.8
1.67 997.8
1.68 921.6
1.69 920.7
1.70 897.4
1.71 923.5
1.72 787.0
1.73 856.0
1.74 687.4
1.75 813.7
1.76 820.8
1.77 773.5
1.78 707.5
1.79 632.1
1.80 609.8
1.81 636.6
1.82 544.7
1.83 565.7
1.84 526.6
1.85 432.9
1.86 462.8
1.87 391.6
1.88 368.1
1.89 381.6
1.90 346.7
1.91 313.6
1.92 250.1
1.93 243.8
1.94 265.7
1.95 314.8
1.96 383.8
1.97 499.1
1.98 737.9
1.99 1461.4