Updating c8a6777..1f72a64
Fast-forward
 Assignment 6/graph_script.asv        |   18 +++-
 Assignment 6/graph_script.m          |    6 +-
 Assignment 6/q1_data_O_05_2_S_30.txt |  160 ----------------------------------
 Assignment 6/test_SOR_OMEGA.c        |    2 +-
 4 files changed, 17 insertions(+), 169 deletions(-)

 Hello World -- SOR OMEGA test 

 MAXSIZE = 40
0.50, 2858, 2551, 3113, 3180, 2391, 2566, 2783, 3162, 3164, 3240, 3043, 2665, 2137, 2427, 2780, 2924, 2124, 2562, 2488, 2954, 3407, 2275, 2705, 2910, 2237, 3217, 2823, 2307, 2682, 2893, 2108, 2765, 1721, 3194, 2717, 1943, 2734, 3022, 2990, 1671, 3243, 2851, 3051, 3030, 3192, 2252, 2560, 3154, 3306, 2860, 3288, 3439, 2707, 2775, 2963, 3160, 3153, 3214, 2714, 2700, 2877, 3054, 2865, 3021, 2982, 3212, 3155, 2002, 3372, 2183, 1775, 3024, 2028, 3144, 2560, 2879, 3221, 3028, 2662, 3406, 2847, 2508, 2982, 2098, 2787, 3207, 2555, 3281, 1543, 2156, 2483, 3165, 2460, 3248, 3109, 1210, 2957, 2764, 1829, 2765
0.51, 2471, 3259, 2239, 3266, 2812, 2725, 2758, 2385, 1986, 3072, 2811, 3036, 2975, 1933, 2280, 3380, 3141, 3261, 2824, 3376, 2929, 2515, 1540, 2541, 2727, 2401, 2578, 2808, 2825, 2909, 2618, 2769, 2241, 2978, 3208, 2791, 2744, 2018, 3216, 2369, 2657, 2737, 2792, 2255, 2947, 2570, 3094, 2741, 2234, 1977, 3367, 2674, 2129, 2780, 2860, 2374, 2387, 1880, 2400, 2861, 3042, 2334, 3002, 3266, 3426, 2268, 2886, 1882, 3466, 3148, 2745, 1534, 2976, 2719, 1303, 2198, 1299, 2093, 2790, 2826, 3461, 2490, 2558, 2971, 3038, 3170, 2544, 1301, 2109, 3234, 2753, 2873, 2889, 2693, 2751, 3379, 2760, 3075, 1368, 2156
0.52, 3134, 2139, 2096, 2966, 2523, 3090, 1948, 2666, 2696, 2709, 2869, 1949, 2682, 2010, 2806, 2739, 2592, 2282, 2379, 2529, 3131, 2346, 2419, 2618, 3167, 3029, 2521, 2955, 2774, 2797, 2494, 2184, 2105, 2553, 2563, 1840, 2308, 2770, 2982, 2088, 3054, 3223, 2634, 2945, 2763, 3138, 1512, 2632, 2082, 2841, 2838, 2592, 2803, 2955, 2580, 2567, 3209, 2463, 3304, 2541, 2411, 1915, 1959, 2857, 2221, 2019, 3082, 2727, 2323, 1584, 2712, 2682, 2665, 2699, 2935, 2019, 3147, 2735, 2425, 3145, 2916, 2778, 2670, 1371, 2427, 2659, 2148, 3162, 2221, 2586, 2302, 2053, 2818, 2665, 2601, 2855, 2424, 3044, 2668, 2306
0.53, 2722, 2627, 3146, 2989, 2412, 2491, 2428, 2650, 1341, 2558, 2308, 3060, 1062, 2650, 2897, 2472, 2331, 1900, 1898, 2641, 2238, 1543, 2953, 2365, 2597, 1775, 1975, 2278, 2883, 2857, 2170, 2941, 3171, 2653, 3182, 2890, 2207, 2612, 2825, 1628, 2656, 2826, 3070, 2705, 2833, 2498, 2816, 3037, 2360, 1803, 3005, 2551, 2390, 3237, 2684, 2372, 2440, 2285, 3191, 2723, 2923, 2864, 1514, 2518, 2259, 2944, 2788, 2654, 2341, 2792, 2835, 3175, 1976, 3066, 2995, 2620, 2649, 2757, 2230, 2479, 2565, 2447, 3130, 2584, 2082, 2749, 2699, 2832, 2563, 2717, 2662, 2609, 1430, 1821, 2721, 2819, 2978, 3001, 2373, 2495
0.54, 2329, 2861, 2876, 2790, 2825, 2762, 1879, 3165, 2719, 2775, 2445, 2927, 2718, 1961, 2817, 2790, 1681, 2946, 2324, 2323, 1571, 2530, 2859, 2200, 2889, 2724, 2288, 2784, 2472, 2764, 2222, 3034, 2581, 2197, 2600, 1470, 2869, 1233, 1493, 2741, 2381, 3111, 2685, 2865, 2677, 1524, 2569, 2628, 2868, 2000, 1869, 2564, 2357, 2574, 2256, 2408, 3011, 2154, 2999, 2271, 1593, 3061, 2886, 2990, 2449, 2950, 2635, 3056, 3122, 2080, 3014, 2254, 2680, 1596, 2726, 2095, 2499, 2076, 2619, 2969, 2485, 1831, 2488, 2438, 2357, 2473, 2258, 2305, 2728, 3028, 2534, 2787, 2624, 2857, 1891, 1198, 2925, 2929, 1893, 2677
0.55, 2946, 2693, 2980, 2656, 2308, 3025, 2408, 2440, 2283, 1865, 2639, 2437, 2490, 2790, 2720, 2529, 2746, 3045, 2645, 1883, 2580, 2530, 2746, 2322, 2790, 1972, 2590, 2876, 2349, 2351, 2395, 2334, 2813, 1943, 2876, 2782, 2242, 3021, 2000, 2942, 2750, 2115, 1812, 2010, 2658, 2711, 2783, 1234, 2865, 3204, 2400, 2904, 2623, 2773, 2721, 2499, 2719, 2536, 2258, 2831, 2405, 2523, 2524, 2987, 2607, 1956, 2690, 2655, 1954, 2344, 2016, 2362, 2600, 2721, 2624, 2342, 1942, 2193, 2937, 2833, 2065, 2089, 2042, 2104, 2679, 2642, 2622, 2351, 2158, 2892, 2932, 2887, 2566, 2539, 2451, 2869, 2681, 2797, 2207, 1146
0.56, 2827, 2398, 2546, 2503, 2591, 2279, 2379, 2055, 2554, 2618, 2368, 2718, 1407, 2228, 2649, 2645, 2661, 2596, 2476, 2030, 2398, 2743, 2768, 2633, 2541, 2726, 2170, 2690, 2857, 2721, 2378, 2696, 1653, 2472, 2664, 2764, 2356, 2616, 2860, 2596, 1372, 2224, 2333, 2638, 2913, 1669, 2032, 2151, 2230, 2272, 1762, 2936, 2711, 1124, 2241, 2700, 1564, 2754, 2624, 2284, 2934, 2611, 1991, 2473, 2062, 1368, 2253, 2714, 2387, 1473, 2385, 2408, 2590, 2452, 1165, 2939, 2382, 2633, 2505, 2512, 2537, 2530, 1928, 1476, 1956, 2745, 2950, 2171, 2642, 2348, 2652, 1760, 1830, 2520, 2586, 2145, 3021, 2946, 2502, 2827
0.57, 2819, 2414, 2204, 2180, 2118, 1883, 2475, 2512, 2294, 2382, 2462, 2421, 2758, 1900, 2949, 2413, 1238, 2189, 2809, 2107, 2435, 2884, 2897, 2659, 2505, 1997, 2791, 2214, 2343, 2568, 2335, 2893, 2893, 2255, 1565, 1954, 2665, 2738, 2383, 2617, 1725, 2312, 2715, 2530, 2296, 2193, 2308, 2562, 2480, 2548, 2717, 2712, 2272, 2368, 2447, 2602, 2686, 2151, 2763, 2464, 2743, 2331, 2754, 1993, 2398, 1744, 2216, 2261, 2560, 2367, 2251, 2469, 2394, 2401, 1945, 2699, 2706, 2527, 2238, 2462, 2937, 1974, 2182, 2289, 2053, 1909, 2781, 2379, 2583, 2792, 2466, 2771, 2918, 2803, 1426, 2183, 2484, 2734, 2419, 2293
0.58, 2404, 2160, 2715, 2372, 1834, 2691, 2807, 2833, 2705, 2111, 2586, 1827, 2353, 2297, 2399, 2430, 2581, 2277, 2236, 2413, 1940, 2467, 2858, 2254, 2478, 1926, 1971, 2654, 2770, 2769, 1928, 2087, 2397, 1826, 2502, 2416, 2023, 2674, 2439, 2758, 2349, 2473, 2328, 2169, 2749, 2259, 2796, 2176, 2411, 1594, 2131, 2563, 1234, 2340, 2255, 2549, 2547, 2417, 2604, 1924, 1171, 2473, 2525, 2666, 2516, 2247, 2782, 1812, 1901, 2913, 2334, 2590, 2235, 1311, 2125, 2435, 2134, 2431, 2347, 2702, 2324, 2368, 1409, 2485, 2408, 2556, 2447, 1322, 1745, 2397, 2878, 1790, 2532, 2048, 2483, 2608, 2000, 2412, 2576, 2438
0.59, 2339, 2885, 2169, 2526, 1603, 2240, 1876, 2678, 2614, 2288, 2695, 2484, 2418, 2364, 2378, 2583, 2520, 1646, 885, 2348, 2542, 2354, 1650, 2433, 2696, 2501, 2322, 2484, 1295, 2712, 2715, 1667, 2418, 1039, 1913, 1222, 1334, 2103, 2523, 2325, 2118, 2656, 2400, 1996, 2425, 2134, 1635, 1693, 2641, 2173, 1620, 2342, 1493, 2370, 2542, 2231, 1653, 2697, 1644, 2090, 2187, 2470, 2171, 2236, 2221, 2389, 2279, 2446, 1858, 1111, 2559, 2135, 2032, 2579, 2445, 2363, 2276, 2443, 2298, 2636, 1230, 2568, 2595, 2529, 2291, 2224, 2544, 1901, 2496, 2620, 1484, 2049, 2052, 2412, 2630, 1749, 2101, 2540, 2370, 2262
0.60, 2229, 1685, 1825, 2214, 2463, 2113, 2010, 2536, 2524, 2153, 2661, 2289, 2089, 1775, 1951, 1946, 1869, 2559, 2208, 2495, 2097, 2385, 2565, 2551, 2274, 2534, 2163, 2030, 2013, 2234, 2335, 2098, 2106, 2384, 2589, 2571, 2235, 2126, 2487, 2110, 2070, 2180, 2290, 2378, 2228, 1815, 2270, 2468, 2116, 2591, 2230, 1750, 1809, 2504, 2147, 2323, 1541, 2340, 2366, 1983, 2534, 2059, 2277, 2828, 2367, 2206, 2335, 2420, 1878, 2476, 2457, 2242, 2442, 1407, 2248, 2503, 2216, 2747, 2016, 2152, 2456, 2266, 1013, 1652, 2575, 2139, 2312, 1733, 2509, 2646, 2513, 1774, 2519, 2314, 1865, 2542, 2167, 1938, 2550, 1001
0.61, 2301, 2420, 2210, 2293, 1752, 1741, 2397, 2131, 2402, 1816, 2365, 2455, 1808, 2257, 2360, 2275, 1903, 1907, 2247, 2564, 2338, 2449, 2245, 1994, 2274, 1969, 2134, 2675, 2281, 1926, 2556, 2258, 2256, 1299, 1967, 1883, 2220, 2559, 2510, 1856, 2220, 2409, 2222, 2488, 2421, 1550, 1415, 2044, 1724, 1107, 1791, 2418, 2468, 1973, 2308, 2312, 2242, 2387, 2564, 1835, 2305, 2448, 2134, 2183, 2567, 2419, 2442, 2264, 1950, 2519, 2047, 1298, 2128, 2346, 2021, 2384, 2378, 1960, 2254, 2608, 2049, 1113, 1939, 1691, 2295, 2199, 1662, 2524, 2295, 2400, 2072, 2093, 1875, 2542, 2565, 2213, 2512, 1966, 2386, 2099
0.62, 2502, 2468, 2476, 2446, 2368, 2520, 2184, 2256, 2242, 2309, 2250, 2060, 2321, 2516, 2401, 2089, 1910, 2126, 2457, 1437, 2468, 2069, 1291, 2265, 2351, 2111, 1302, 2246, 2354, 2382, 2221, 2443, 2373, 1363, 2322, 2728, 1784, 2342, 2185, 2139, 2389, 2042, 2195, 1563, 2201, 1678, 2028, 1832, 2122, 2387, 2439, 2191, 2027, 2379, 2319, 2152, 2652, 1530, 2240, 1649, 2530, 2113, 1919, 1566, 1654, 1837, 1927, 2449, 1954, 1705, 2466, 1789, 2343, 2237, 2559, 2424, 2268, 1959, 2106, 2375, 2385, 1949, 2049, 1929, 2426, 1643, 2411, 1995, 2121, 1346, 2236, 2073, 2367, 1491, 2409, 2081, 2286, 2468, 2192, 2501
0.63, 2349, 2447, 2080, 2455, 2023, 2156, 1049, 2191, 1600, 2448, 1902, 1594, 2216, 1812, 2179, 1894, 871, 2060, 1940, 1264, 2147, 2127, 2327, 1495, 2279, 2346, 1802, 1955, 1809, 925, 2371, 1173, 2219, 1975, 1661, 1209, 2145, 2313, 2486, 2249, 1655, 2436, 2571, 1897, 1592, 2309, 2499, 2063, 2361, 1325, 2245, 2246, 1548, 1033, 2156, 2156, 1921, 2485, 2268, 2104, 2416, 2339, 2309, 2245, 1400, 2222, 2426, 2298, 2018, 2096, 1966, 1697, 2336, 2040, 2267, 1833, 2179, 2009, 2557, 2044, 2431, 2043, 2220, 2158, 2218, 2111, 2372, 2075, 1975, 2077, 1792, 1645, 1937, 1993, 2185, 2238, 2125, 2289, 2344, 2138
0.64, 2570, 1458, 2359, 1634, 2076, 1933, 2542, 2033, 2231, 1551, 1795, 868, 2260, 2092, 2494, 2284, 2158, 2091, 2455, 2093, 2381, 1873, 2224, 2101, 1407, 2142, 2113, 1279, 1908, 2479, 2134, 2516, 1650, 2384, 2325, 2318, 1805, 1845, 2353, 1990, 2218, 1881, 2523, 2242, 1683, 1860, 1849, 1727, 2264, 2239, 2109, 2224, 1921, 2341, 2312, 1046, 2130, 1964, 2268, 1934, 2272, 1215, 1610, 1935, 1766, 2077, 1692, 2389, 2259, 2086, 1949, 1843, 2277, 1825, 2300, 1769, 1162, 2130, 2072, 1319, 1822, 2110, 2011, 2111, 2299, 2277, 2082, 973, 1957, 1959, 1170, 1067, 2008, 2111, 2357, 2149, 2119, 2318, 1818, 1830
0.65, 2102, 1017, 1643, 2029, 2244, 2053, 1994, 1993, 2262, 1947, 2010, 2097, 1892, 2324, 2120, 1748, 2270, 2258, 2152, 1763, 1669, 2008, 2177, 2262, 2003, 2204, 2073, 2479, 1448, 2356, 2108, 1960, 2297, 2298, 2014, 2318, 1889, 2177, 2496, 1660, 2264, 2010, 1705, 2179, 2293, 1916, 1600, 2244, 2206, 2224, 2399, 2052, 1348, 1835, 1651, 2167, 2119, 1002, 2339, 1119, 1809, 1848, 1838, 1827, 2317, 2309, 2345, 1841, 1530, 1969, 2294, 2157, 1563, 2215, 1495, 1849, 2174, 1969, 2077, 1980, 910, 1897, 2160, 2011, 1774, 2046, 2259, 1921, 2140, 2056, 2296, 1797, 1669, 2180, 2241, 2051, 1826, 2427, 1970, 1749
0.66, 2290, 2281, 2302, 1828, 1795, 2293, 1860, 1820, 2066, 1817, 1777, 1281, 2292, 1724, 2013, 1877, 1792, 1721, 1633, 2084, 2202, 2152, 2267, 2256, 1720, 2348, 2407, 2096, 2053, 2071, 1403, 2024, 2033, 2169, 1790, 1346, 2167, 2120, 1642, 2148, 2220, 2117, 2083, 1078, 983, 2270, 2113, 1901, 1792, 1118, 1430, 2417, 1683, 2248, 2230, 1820, 2195, 1884, 2059, 1581, 1731, 1767, 1111, 1295, 1450, 2134, 1784, 1848, 913, 1858, 2122, 2010, 1640, 2230, 2176, 2069, 2062, 1773, 1608, 1994, 1540, 1429, 2037, 2063, 2345, 2115, 1651, 1836, 1109, 2278, 1026, 1480, 2339, 2167, 1526, 2160, 1904, 1663, 1652, 2264
0.67, 2091, 2036, 2277, 1999, 1663, 1710, 2211, 1987, 1677, 1993, 2462, 2043, 1298, 1768, 1876, 1377, 2047, 1941, 1812, 1866, 1752, 1979, 925, 1937, 1932, 2192, 2043, 1708, 1818, 1850, 1503, 1718, 1720, 1803, 1903, 1974, 2236, 2177, 1912, 1936, 1405, 2191, 1663, 2129, 1453, 2037, 1607, 1749, 2132, 2162, 1946, 1631, 1847, 2017, 2094, 1955, 1658, 2227, 1506, 2013, 1708, 2022, 1946, 1312, 1962, 1918, 2051, 1986, 2084, 2017, 2137, 1930, 2228, 1128, 1506, 1928, 1569, 2071, 1872, 2201, 1940, 1685, 2005, 2253, 1229, 1845, 2149, 2103, 2120, 1732, 2117, 1517, 2018, 2188, 1734, 2036, 1414, 2092, 1822, 2031
0.68, 1612, 2070, 1919, 1699, 781, 1912, 2126, 1839, 1785, 1884, 1690, 2019, 2090, 1276, 1983, 2040, 1620, 1867, 1704, 2101, 1850, 1955, 1682, 1838, 2340, 2234, 2103, 1655, 2239, 1837, 1727, 1870, 1200, 1931, 1857, 2075, 2287, 1888, 1939, 1891, 1927, 1921, 2226, 1324, 1781, 1729, 2058, 2049, 2127, 1878, 2024, 1948, 2080, 1332, 1958, 1937, 2049, 1546, 2048, 1839, 2098, 2116, 2201, 1849, 1498, 1535, 2192, 1993, 1855, 1892, 1978, 1754, 2103, 1828, 1868, 2031, 1048, 1272, 1230, 2058, 1691, 2076, 1827, 2002, 2092, 1843, 2096, 2049, 1417, 2088, 1597, 1617, 1935, 2117, 2224, 1738, 1976, 1807, 1708, 2064
0.69, 2199, 1848, 2046, 1353, 1988, 1970, 1105, 846, 1620, 1876, 1278, 2177, 2040, 1755, 2021, 2107, 2190, 1079, 1901, 1002, 1615, 2127, 1872, 1700, 1902, 1089, 1818, 1119, 1881, 1859, 1682, 1780, 1484, 1035, 1877, 2022, 1646, 1641, 1896, 2098, 2095, 1908, 2056, 1681, 1790, 1743, 1865, 2040, 1452, 1938, 1945, 2097, 1773, 1844, 2049, 1349, 2234, 1972, 1631, 1973, 2044, 1923, 2043, 1484, 1666, 1960, 2146, 1815, 1733, 1929, 1842, 2001, 1069, 1732, 2015, 1681, 1601, 2138, 2111, 1598, 2018, 1986, 1010, 1971, 1992, 1859, 2060, 1920, 1501, 1828, 1580, 1581, 1952, 1909, 2073, 1896, 2026, 1468, 1374, 1683
0.70, 1638, 1873, 1987, 1909, 2009, 1254, 1586, 2052, 1325, 2037, 1956, 1788, 1817, 1609, 1766, 1610, 2022, 873, 1725, 1314, 1633, 1671, 1984, 1855, 1692, 1999, 1900, 2130, 1640, 1618, 2073, 1229, 781, 1969, 2075, 1807, 1425, 1917, 2067, 1802, 2076, 2052, 2000, 2011, 1818, 1987, 1530, 1866, 1942, 1849, 1818, 2100, 1308, 1310, 1580, 1785, 1145, 1713, 1906, 2115, 1605, 1500, 2187, 2020, 1563, 1213, 1749, 1865, 941, 1273, 2144, 1809, 1804, 2008, 1298, 1431, 1767, 1605, 1914, 1981, 1538, 2202, 1441, 1910, 1652, 1573, 1961, 1178, 1502, 1817, 1860, 1537, 2072, 1783, 1608, 1346, 1790, 1249, 1869, 1824
0.71, 1539, 2077, 1901, 1543, 1579, 1872, 805, 1364, 1888, 2008, 2071, 1871, 1977, 1541, 1813, 1127, 1922, 1965, 1613, 2097, 2037, 2025, 1606, 2015, 2003, 1938, 1818, 1634, 1539, 1739, 2057, 1856, 1897, 1751, 1537, 1815, 1751, 1937, 2045, 1616, 1680, 1760, 1910, 1763, 1755, 1872, 1711, 1878, 1836, 1847, 2101, 1058, 1904, 1400, 1635, 1803, 1246, 1916, 1802, 1792, 1612, 2100, 1940, 1962, 1684, 1595, 1132, 2079, 1947, 901, 1009, 1605, 1974, 1833, 1952, 1800, 1701, 1613, 1774, 1961, 2013, 1903, 1490, 1469, 1644, 1941, 2146, 872, 1816, 1690, 1410, 1761, 1303, 1885, 1712, 1858, 1533, 1819, 1630, 1791
0.72, 1920, 2002, 1574, 1636, 2061, 881, 1659, 1280, 1752, 2082, 1909, 1926, 1595, 2042, 1795, 1340, 1770, 1051, 2015, 1914, 1859, 1958, 1726, 1514, 1406, 1784, 1903, 1678, 1619, 1864, 1920, 1343, 1300, 1713, 1096, 1677, 1739, 1680, 1839, 2058, 1313, 1780, 1498, 1402, 1877, 1706, 1767, 1903, 1449, 819, 1600, 1895, 1975, 1588, 1509, 1457, 1502, 1936, 2013, 989, 2034, 1595, 2010, 1659, 1557, 2098, 1917, 1919, 1874, 1405, 1347, 1779, 1922, 1462, 1361, 2040, 1731, 1963, 1574, 1912, 1825, 1725, 1384, 1876, 2040, 1880, 1074, 1448, 1381, 1756, 1920, 1904, 1945, 1767, 1824, 1811, 1596, 1696, 1762, 2004
0.73, 1720, 1880, 1660, 2017, 1408, 992, 1664, 1983, 1830, 1526, 1599, 1957, 1425, 1491, 1801, 1990, 1391, 1302, 1699, 1850, 1731, 1553, 1844, 1165, 1691, 1746, 1541, 1705, 1413, 1496, 1744, 1050, 1924, 1595, 1790, 1862, 1318, 1824, 1566, 1972, 1914, 2042, 1903, 1718, 1551, 1688, 1412, 1454, 2038, 1764, 1684, 1857, 1451, 1714, 1994, 2111, 1172, 1949, 1773, 1363, 1696, 1824, 1694, 1324, 1305, 1775, 1938, 1761, 1494, 1919, 1941, 1783, 1837, 1792, 1788, 1774, 1885, 1701, 1882, 1672, 1718, 1639, 965, 1406, 1885, 1845, 1828, 1827, 2012, 1472, 1955, 2027, 1519, 1796, 1991, 1383, 1639, 1773, 1511, 1445
0.74, 1218, 1764, 1958, 1382, 1767, 1553, 1310, 1925, 1778, 1906, 1582, 1756, 1824, 1913, 1943, 1918, 1970, 1195, 1573, 1445, 770, 1607, 1532, 1588, 2021, 1230, 1806, 1509, 1910, 1677, 1616, 1716, 1648, 1482, 1329, 1736, 1575, 1719, 1580, 1847, 1634, 1960, 1563, 1561, 1844, 1558, 1700, 1817, 2023, 1428, 1780, 1456, 1870, 971, 1603, 1889, 1802, 1734, 1115, 1935, 1516, 1553, 1094, 1370, 1204, 1786, 1843, 1790, 1950, 1702, 1912, 1884, 2001, 1746, 1944, 758, 1591, 1725, 1083, 1614, 1529, 1549, 947, 1454, 1289, 1373, 1604, 1757, 1965, 1700, 1152, 1985, 1915, 1824, 1801, 1894, 1303, 1617, 1277, 1644
0.75, 1932, 1229, 1430, 1563, 1361, 1405, 1335, 1619, 878, 1345, 1792, 1584, 1821, 1594, 1738, 1581, 1591, 1369, 664, 1620, 1656, 1540, 1799, 1752, 1871, 1698, 1291, 1508, 1549, 1599, 1639, 1635, 1700, 1866, 1857, 1759, 1833, 1637, 1185, 1901, 1865, 1179, 1609, 1912, 741, 873, 1706, 1858, 1617, 1411, 1314, 1421, 1736, 1798, 1602, 883, 1123, 1860, 1804, 1852, 1566, 1539, 1579, 1744, 1582, 1854, 1479, 1479, 1653, 1214, 1668, 1688, 1603, 1427, 1198, 1826, 1723, 743, 1707, 1754, 1161, 1484, 1285, 1568, 1782, 1855, 1419, 847, 1785, 1379, 1799, 1621, 1825, 1561, 1887, 1515, 1110, 1899, 1594, 1431
0.76, 1720, 1470, 1566, 1613, 1284, 1776, 1153, 1536, 1379, 1823, 1628, 1620, 1738, 1694, 1381, 1647, 976, 1189, 1877, 1509, 1755, 1373, 1545, 1676, 1813, 1353, 1756, 1805, 1315, 1161, 1539, 1491, 1438, 850, 1316, 1112, 1743, 1586, 1070, 1670, 982, 1088, 1622, 1767, 1421, 1721, 1482, 1552, 1746, 1834, 1484, 1836, 1911, 1183, 1790, 1844, 1834, 1576, 1598, 1764, 1791, 1552, 1607, 1707, 1519, 1698, 1620, 1674, 1766, 1833, 1602, 1614, 1432, 1689, 1469, 1159, 1542, 1672, 1322, 1840, 1562, 1708, 1792, 1606, 1564, 1790, 1503, 1439, 1367, 1678, 813, 1419, 1864, 1244, 1640, 1780, 1450, 1703, 1015, 774
0.77, 1649, 1636, 1791, 781, 1572, 1515, 1528, 1476, 1261, 1827, 1742, 1866, 1923, 1444, 711, 1385, 1504, 1552, 1806, 1195, 1644, 791, 1895, 1793, 1853, 1393, 1410, 1591, 1376, 1514, 1503, 1506, 1489, 1647, 1795, 1803, 1352, 1210, 1526, 1356, 1660, 1133, 1349, 1706, 1470, 1666, 1623, 774, 1857, 1382, 1184, 1562, 1768, 1628, 864, 1659, 1283, 1518, 1761, 1356, 1266, 1202, 647, 1262, 1544, 1775, 1823, 1364, 1716, 1769, 1600, 1375, 840, 1530, 1714, 1730, 1653, 1544, 1373, 1343, 829, 1723, 1770, 1642, 1764, 1745, 1720, 1577, 1223, 1641, 1550, 1474, 1406, 1563, 1687, 1367, 1702, 1947, 1588, 1514
0.78, 1593, 1506, 1682, 1668, 1720, 1474, 1629, 1387, 1550, 1669, 1772, 1454, 1784, 1218, 1665, 1413, 1719, 1535, 1617, 1021, 1327, 1800, 1369, 1452, 1543, 1409, 1220, 1697, 1344, 1683, 1626, 1644, 1430, 1333, 1581, 1665, 1756, 1613, 1501, 1611, 1575, 1419, 1093, 1741, 1911, 1486, 1590, 1258, 1613, 745, 1710, 1538, 1440, 1741, 1740, 1538, 1527, 1299, 1643, 1325, 1413, 1734, 1697, 1456, 1471, 1854, 1304, 1492, 1293, 1567, 1535, 1359, 1615, 759, 1653, 1716, 1799, 1735, 1806, 1698, 1409, 1494, 1515, 1394, 1614, 1495, 1766, 1518, 1794, 1278, 1607, 1779, 1700, 1450, 1243, 1479, 697, 1225, 1438, 1658
0.79, 1763, 1596, 1664, 1541, 1701, 1745, 1199, 1647, 1728, 1309, 1677, 1431, 907, 1348, 1604, 1399, 1448, 1558, 1475, 1325, 1481, 1645, 885, 1287, 1204, 1671, 1042, 1534, 1636, 1150, 1697, 1057, 1418, 1651, 1700, 1689, 1164, 1698, 1404, 1803, 1702, 1334, 1501, 1528, 1711, 1491, 1334, 1796, 1179, 1772, 1671, 1618, 1578, 1456, 1568, 1715, 1651, 1425, 1158, 1725, 1557, 966, 1402, 1645, 1505, 1490, 1362, 1488, 1672, 1600, 1018, 1444, 1091, 1642, 1452, 1682, 1149, 1684, 1841, 1583, 1496, 1258, 1747, 1589, 1433, 1478, 947, 1734, 1763, 1493, 1047, 1406, 1110, 1655, 1635, 1131, 1529, 1528, 1593, 1219
0.80, 1488, 1574, 1159, 1298, 1560, 1231, 1555, 1254, 1784, 1703, 1258, 1129, 1550, 1585, 1503, 1505, 1422, 1632, 1582, 1385, 1233, 1490, 1236, 1526, 1348, 1234, 1327, 1389, 1342, 1797, 1768, 1332, 1527, 1513, 1352, 1421, 1618, 1244, 1601, 1186, 1573, 1517, 1688, 955, 1647, 1459, 1160, 1370, 1529, 1567, 1415, 1452, 904, 1675, 1503, 1643, 1717, 1592, 1706, 1632, 1705, 1362, 1660, 1248, 1519, 1559, 1733, 837, 1678, 1503, 1611, 1507, 1439, 1526, 1367, 1457, 1554, 1744, 1514, 1774, 1548, 1377, 1416, 880, 1272, 1481, 1692, 1272, 1391, 1830, 1460, 1538, 1795, 1457, 1572, 1432, 1447, 1558, 1395, 1535
0.81, 1488, 1295, 1539, 680, 1671, 1634, 1337, 1281, 1257, 1436, 1479, 1543, 1570, 1257, 1405, 1474, 1578, 1264, 1488, 1209, 1646, 1674, 1320, 1647, 1455, 1592, 1361, 760, 1560, 1273, 1627, 1493, 1572, 1619, 1196, 1604, 1574, 1461, 1704, 1530, 1388, 1434, 1527, 1628, 936, 763, 1266, 1285, 1614, 1541, 1774, 1433, 1429, 1441, 1108, 1450, 1297, 702, 1250, 1344, 1530, 1306, 1712, 1364, 1723, 958, 1547, 616, 1152, 1629, 1328, 1644, 1290, 1467, 750, 1372, 1074, 1545, 1490, 1211, 1411, 1007, 1786, 1638, 1523, 1482, 1556, 1205, 1143, 1089, 1481, 1640, 1427, 1298, 1082, 1184, 1664, 668, 1524, 1378
0.82, 1605, 1562, 1290, 1465, 1557, 975, 1492, 1467, 1476, 1304, 1554, 1426, 1558, 1515, 1578, 1485, 1486, 1413, 1541, 1641, 1280, 1469, 1542, 1342, 1122, 1353, 1583, 1390, 1495, 1278, 1510, 1617, 1206, 1511, 1645, 1337, 573, 1473, 1434, 1287, 1656, 1201, 1347, 679, 1038, 1512, 1228, 1096, 866, 1353, 1506, 1382, 1569, 1222, 1289, 1437, 1047, 1697, 1228, 1225, 1337, 1545, 832, 1547, 1211, 1478, 1274, 1322, 979, 1155, 1491, 1171, 1410, 1771, 1392, 1431, 1299, 1048, 1493, 1224, 1670, 1340, 1209, 1443, 1593, 1455, 1373, 1592, 867, 1440, 1685, 1522, 1300, 1576, 1395, 1047, 686, 1574, 1115, 1539
0.83, 1480, 1097, 921, 1617, 1226, 1690, 1539, 1502, 1109, 672, 1553, 1482, 1402, 1351, 1323, 1410, 1393, 1289, 1405, 1301, 1368, 1573, 1553, 1421, 1362, 927, 1421, 1236, 1305, 1069, 652, 1513, 1058, 1097, 1481, 1398, 1315, 1489, 985, 1595, 1025, 997, 1173, 653, 1431, 1325, 1440, 1637, 945, 1343, 990, 1234, 903, 1579, 820, 1352, 1485, 1325, 1413, 1636, 1656, 1623, 1360, 1172, 1236, 1387, 1408, 1627, 1496, 683, 881, 1420, 1470, 1571, 1442, 1092, 1583, 1617, 848, 1512, 1081, 1094, 899, 1433, 1139, 1284, 1548, 1453, 1398, 1471, 1294, 1545, 1340, 1356, 981, 1598, 1688, 1398, 697, 1513
0.84, 1436, 1387, 1247, 1491, 1453, 1516, 1084, 1106, 1688, 1617, 1506, 1155, 1506, 1460, 1439, 1398, 1598, 1486, 1335, 1143, 1186, 1494, 607, 1448, 1032, 1478, 1479, 1251, 1317, 1577, 1336, 1420, 1485, 1559, 1587, 1406, 1551, 1355, 1542, 1464, 1313, 1591, 1474, 1299, 1552, 1323, 1451, 1372, 1511, 1340, 1500, 1314, 1429, 1519, 1576, 683, 1233, 1357, 1327, 1393, 1688, 1565, 1523, 1409, 1606, 925, 1531, 1151, 1382, 1383, 931, 1567, 1380, 799, 1581, 1473, 1054, 1383, 1603, 1360, 1628, 1285, 1543, 1186, 1349, 1508, 1499, 1336, 1603, 1264, 1386, 1607, 619, 1505, 1285, 1226, 1441, 1199, 1458, 1223
0.85, 1208, 1467, 1268, 1489, 1482, 1571, 1176, 1473, 1366, 1584, 1468, 1563, 1273, 1524, 1316, 1493, 1390, 1495, 1149, 1306, 1000, 1157, 1235, 1370, 1197, 1381, 1393, 1349, 1556, 931, 644, 1195, 1341, 1482, 1621, 1488, 1259, 1474, 1381, 1207, 1262, 1594, 1435, 1330, 1220, 1492, 1290, 1474, 1462, 1436, 1318, 1126, 1381, 1393, 1456, 1495, 901, 1524, 1494, 1521, 1297, 1205, 1272, 1563, 1340, 855, 1286, 1492, 1220, 1164, 1208, 811, 1444, 1166, 1217, 1279, 1393, 1305, 1393, 1477, 1490, 1393, 1400, 1025, 1301, 957, 1522, 904, 1378, 1464, 627, 1496, 1465, 674, 1480, 1356, 1317, 1326, 1276, 1361
0.86, 1365, 1207, 1412, 1290, 1336, 1179, 1461, 1548, 1402, 1376, 1472, 945, 1589, 797, 1247, 1400, 1373, 1307, 1512, 1374, 1017, 1450, 1259, 1491, 1332, 918, 1559, 1100, 1240, 1307, 1406, 771, 752, 1245, 1488, 1518, 1455, 1462, 1492, 998, 1347, 1337, 1212, 1476, 1314, 1429, 885, 1474, 1216, 922, 1386, 1361, 939, 939, 1170, 1119, 1506, 887, 1339, 1358, 1324, 1204, 1552, 1463, 1304, 841, 1288, 1573, 1541, 1335, 1259, 1477, 1231, 938, 1367, 1603, 1362, 1314, 1402, 785, 1430, 1335, 1415, 1178, 1446, 926, 1147, 1494, 846, 1506, 1221, 1584, 1391, 1449, 1133, 1498, 1358, 961, 586, 713
0.87, 925, 1552, 1126, 1473, 1339, 1198, 1398, 1086, 1219, 1140, 1447, 1182, 957, 1435, 1191, 600, 1433, 1234, 680, 1324, 1329, 1357, 1257, 1135, 1494, 1168, 973, 1244, 1051, 1408, 1264, 887, 1401, 1370, 1472, 1066, 1406, 1362, 680, 1345, 1111, 1390, 1531, 1397, 1072, 1292, 1414, 1406, 1376, 608, 1175, 1131, 1407, 1191, 1394, 1416, 1393, 1252, 1232, 1439, 1010, 943, 1444, 1166, 1332, 1240, 1234, 1277, 1147, 1529, 1368, 1428, 1419, 1338, 1278, 1469, 1514, 1440, 1395, 1207, 1541, 1358, 1339, 1317, 875, 1397, 1372, 1168, 924, 1387, 1260, 1279, 1392, 1255, 1128, 1510, 1269, 1288, 1357, 1508
0.88, 1242, 1520, 1315, 1409, 1214, 1309, 1373, 1343, 1267, 1372, 1148, 1200, 1416, 1284, 1174, 1586, 1326, 1541, 1368, 909, 1426, 862, 807, 1504, 1320, 1195, 1012, 1094, 992, 1404, 1332, 1524, 1124, 854, 997, 1416, 816, 1420, 1240, 1334, 601, 1155, 868, 1376, 1265, 1327, 1119, 929, 1486, 1388, 876, 1110, 1187, 1370, 918, 1133, 805, 1027, 791, 859, 1416, 1446, 1268, 1310, 1408, 1358, 1308, 1103, 1456, 1229, 1196, 1397, 1033, 1359, 1213, 1275, 1087, 1488, 1115, 1460, 1260, 1065, 1445, 1421, 1190, 662, 1298, 1437, 1010, 1324, 1335, 1478, 1385, 973, 1496, 1191, 1115, 1083, 572, 1307
0.89, 1377, 908, 1320, 1389, 1331, 1398, 1121, 1286, 1290, 803, 1352, 609, 1523, 1379, 1184, 1186, 1351, 1099, 1226, 1367, 1385, 1359, 1214, 864, 1278, 1125, 692, 1062, 982, 556, 1404, 1130, 1242, 1211, 1396, 1377, 1364, 957, 1390, 1014, 721, 863, 1116, 1277, 792, 1404, 1387, 1338, 1139, 1263, 1264, 967, 1087, 1307, 1190, 1085, 1056, 1357, 1337, 1437, 964, 541, 942, 1002, 1105, 1368, 1218, 1388, 1451, 1162, 1309, 1395, 647, 1444, 1323, 1136, 1372, 897, 1339, 1259, 1131, 837, 1339, 1354, 773, 1435, 1370, 950, 1170, 1320, 1128, 859, 1203, 1424, 1437, 1184, 1360, 1298, 1180, 1428
0.90, 1178, 1111, 1376, 1268, 1322, 1295, 1269, 1396, 1242, 1206, 1103, 1363, 1099, 1208, 1446, 1160, 1088, 1341, 1422, 855, 1169, 1341, 1307, 1240, 1269, 1216, 1035, 1058, 1501, 1414, 770, 1398, 1237, 1470, 838, 1119, 1066, 1278, 1347, 1382, 1402, 540, 1471, 1237, 541, 1215, 1204, 1451, 1318, 1249, 913, 1016, 1345, 1165, 1023, 1072, 1432, 1358, 1176, 811, 1347, 1146, 1042, 848, 1190, 1276, 1222, 1290, 1130, 1120, 1246, 1086, 1130, 1301, 1465, 992, 1291, 1141, 1288, 1053, 1079, 1130, 1340, 1105, 1032, 1018, 1375, 1228, 1264, 1249, 1275, 1063, 1026, 903, 1328, 1212, 1321, 1336, 1244, 1406
0.91, 1376, 1237, 1275, 1383, 1241, 1110, 1184, 1076, 821, 1189, 1319, 1180, 1279, 1362, 1113, 1334, 1397, 1294, 1075, 1140, 1240, 1224, 1146, 1329, 1371, 1117, 961, 1169, 1158, 1179, 1322, 1341, 838, 1372, 1307, 1101, 1429, 1200, 773, 1268, 1362, 1083, 1203, 1125, 1195, 1123, 1088, 1297, 898, 1313, 1155, 999, 869, 1124, 1256, 1156, 1289, 1145, 1380, 1204, 1263, 1231, 1217, 1270, 1227, 1380, 1310, 527, 1218, 1306, 1210, 1075, 867, 1041, 1258, 1245, 1256, 1344, 1233, 949, 1306, 1023, 1135, 1242, 1203, 1051, 1245, 1113, 976, 1202, 961, 1307, 1209, 1255, 1207, 1061, 1142, 841, 1266, 546
0.92, 1150, 1016, 669, 1213, 1295, 1327, 1347, 1060, 1172, 1343, 1386, 1368, 1104, 1052, 1291, 1130, 1075, 1275, 1352, 828, 1077, 1297, 1294, 1300, 942, 1226, 1185, 1349, 1221, 1299, 1197, 1163, 1317, 1113, 1083, 1286, 1055, 1140, 1360, 1331, 1336, 1058, 1328, 1308, 1293, 1080, 1394, 1335, 826, 725, 1126, 866, 1277, 1286, 1025, 839, 1154, 1265, 852, 1293, 1342, 1302, 1343, 1194, 891, 1256, 1305, 1264, 1176, 1438, 1214, 930, 1102, 1299, 1265, 1172, 1126, 1328, 1208, 1261, 1130, 1121, 1291, 1265, 1207, 1176, 850, 1343, 1317, 1029, 1116, 1195, 1254, 1061, 1336, 1362, 982, 1311, 935, 1074
0.93, 1197, 1061, 1053, 1225, 1320, 1294, 960, 1209, 1159, 944, 1160, 1011, 1203, 1310, 1276, 1100, 1318, 1224, 994, 918, 1146, 1339, 1273, 1329, 980, 1199, 1236, 1285, 914, 970, 1248, 1222, 1310, 1035, 1238, 1106, 1181, 1112, 1113, 1155, 1130, 1252, 1304, 1255, 1113, 1109, 709, 826, 1085, 1277, 965, 1154, 854, 1010, 1023, 1070, 782, 1144, 894, 809, 599, 1200, 1131, 760, 1152, 1300, 849, 1090, 1291, 1435, 1252, 949, 984, 1202, 1293, 1305, 1202, 1267, 894, 1416, 1228, 671, 683, 1223, 796, 1291, 1166, 1209, 675, 1297, 1281, 1204, 1263, 1405, 912, 826, 1262, 1075, 873, 1208
0.94, 1239, 765, 916, 1120, 1317, 1207, 1250, 1217, 1216, 1009, 957, 1151, 916, 1046, 558, 1255, 1202, 1258, 1236, 1247, 1167, 719, 590, 1220, 489, 1279, 1360, 1166, 1008, 865, 1048, 1164, 1249, 832, 1270, 1084, 1235, 558, 912, 1354, 906, 1145, 1124, 1054, 1072, 1172, 633, 1263, 1293, 1174, 1190, 1309, 947, 1382, 713, 1189, 1172, 1271, 1118, 1165, 1348, 597, 1122, 1157, 1182, 1074, 990, 1223, 1131, 1333, 1281, 1227, 1122, 526, 744, 1236, 1198, 1198, 1063, 1293, 1273, 1089, 1176, 1119, 566, 1127, 990, 1111, 596, 1289, 795, 1218, 1245, 1290, 907, 1102, 1089, 569, 1414, 794
0.95, 1271, 657, 1242, 1058, 1300, 977, 1361, 1137, 487, 803, 1162, 1281, 1184, 1118, 1108, 1123, 1203, 1216, 1072, 1345, 1043, 1175, 1318, 936, 514, 997, 1120, 898, 880, 1193, 812, 908, 993, 1059, 930, 1004, 1019, 529, 1058, 1136, 714, 750, 1234, 1235, 782, 1035, 1198, 1262, 1207, 889, 984, 1206, 1052, 1170, 1091, 1191, 1359, 1246, 1172, 1293, 979, 1109, 1052, 1275, 1176, 986, 616, 1130, 1247, 968, 1161, 1060, 1044, 1068, 856, 1103, 1065, 1148, 1113, 726, 1151, 1240, 1271, 1170, 1064, 1148, 1102, 1216, 1038, 1173, 941, 1173, 1041, 1236, 1056, 1150, 1196, 1179, 1134, 1313
0.96, 1123, 1179, 1172, 1144, 1081, 1250, 891, 1040, 1203, 1152, 1334, 1186, 1032, 1125, 1204, 1253, 1099, 1040, 1289, 953, 1302, 1032, 565, 1092, 928, 1124, 990, 1023, 1071, 966, 1324, 1022, 930, 1062, 1217, 1106, 1273, 1259, 1154, 967, 1271, 1095, 928, 1065, 1108, 936, 1149, 1274, 1024, 1171, 846, 1173, 1238, 954, 1019, 852, 1047, 1190, 1011, 1125, 1071, 1091, 960, 1235, 882, 1318, 1265, 1173, 900, 935, 1178, 1184, 582, 1216, 1075, 1143, 1139, 1209, 1199, 1047, 1174, 601, 898, 1162, 1114, 1167, 1198, 1242, 673, 1172, 932, 1262, 1074, 1145, 1081, 1262, 945, 1133, 1214, 1306
0.97, 1086, 953, 1155, 1278, 901, 900, 1252, 1021, 1150, 991, 936, 1113, 1297, 1124, 1126, 1127, 829, 1088, 1096, 1233, 1138, 845, 1308, 1137, 661, 1053, 1015, 1073, 1177, 1261, 1060, 556, 1066, 1017, 1188, 853, 942, 680, 1157, 1078, 1279, 960, 1192, 740, 1155, 1032, 919, 1024, 1315, 939, 1071, 1110, 1035, 868, 1229, 1160, 1136, 1162, 891, 1163, 651, 1125, 1200, 1074, 589, 1238, 1202, 1169, 1085, 1019, 1061, 1093, 1188, 798, 1120, 1163, 1247, 1243, 541, 1078, 598, 1136, 1180, 881, 1121, 1027, 827, 928, 1166, 1169, 1114, 1011, 1020, 1018, 1166, 958, 956, 1153, 1075, 1191
0.98, 1200, 1009, 1146, 1037, 1171, 1152, 1132, 1112, 905, 1126, 975, 1031, 779, 663, 880, 764, 826, 1134, 624, 1051, 1189, 1178, 1032, 980, 1230, 1064, 1142, 1212, 1112, 1017, 1036, 972, 754, 902, 992, 1028, 1133, 1132, 949, 1225, 1101, 1151, 1193, 769, 956, 1257, 1166, 1169, 850, 992, 1228, 909, 1028, 1214, 1049, 1085, 1116, 744, 1050, 1252, 1174, 1002, 974, 1202, 1108, 1002, 1112, 1031, 644, 1226, 1147, 1067, 1088, 1032, 1102, 932, 805, 1294, 1260, 1186, 1028, 981, 1169, 1201, 994, 1001, 957, 367, 808, 1296, 1048, 1032, 1059, 786, 899, 1112, 1161, 557, 1145, 1083
0.99, 1122, 929, 563, 929, 1209, 1034, 1086, 1157, 984, 1055, 1234, 1001, 907, 956, 683, 1181, 1164, 1102, 1204, 1164, 917, 1093, 772, 1182, 902, 1102, 734, 978, 882, 1125, 989, 1124, 1224, 714, 1074, 1148, 1076, 856, 1120, 1046, 1089, 1001, 1048, 833, 878, 990, 1257, 976, 906, 928, 1181, 990, 1079, 1122, 766, 1170, 674, 1179, 1049, 654, 1044, 1127, 1169, 1055, 1014, 857, 1090, 1161, 774, 1273, 1167, 1011, 1073, 1180, 1056, 934, 1134, 545, 884, 953, 1249, 1016, 1007, 635, 977, 1119, 1116, 1041, 519, 900, 1031, 928, 1096, 1142, 1137, 1136, 925, 838, 1097, 1010
1.00, 765, 1193, 1023, 1018, 752, 1103, 1191, 1068, 1213, 970, 1199, 953, 1065, 1121, 1072, 1094, 1063, 1137, 913, 1046, 1100, 1015, 1083, 1028, 820, 1007, 1125, 1045, 1154, 1140, 1221, 1130, 904, 818, 1047, 1123, 1134, 860, 1104, 1256, 847, 1099, 1092, 956, 1080, 1114, 955, 675, 901, 657, 1206, 861, 1135, 986, 1172, 1197, 698, 1178, 1156, 1094, 820, 954, 1157, 1172, 1030, 998, 1018, 747, 1046, 1039, 1090, 498, 1013, 1136, 979, 1007, 1074, 1047, 1018, 1120, 601, 876, 1116, 973, 1168, 815, 868, 1042, 1014, 793, 1110, 1153, 1051, 1137, 954, 1088, 1091, 1133, 994, 975
1.01, 772, 841, 812, 846, 1000, 1007, 813, 946, 996, 879, 927, 999, 986, 1080, 475, 1122, 1097, 1129, 915, 823, 517, 1042, 912, 1124, 1017, 1142, 936, 1111, 1021, 739, 995, 925, 908, 955, 1100, 1180, 1022, 1039, 1202, 1106, 735, 1173, 992, 778, 1037, 884, 942, 863, 980, 1016, 1124, 1026, 1114, 1066, 1041, 627, 916, 885, 940, 843, 1058, 738, 878, 1089, 1089, 1133, 832, 698, 937, 1125, 681, 957, 1028, 902, 732, 1037, 929, 898, 1094, 1006, 934, 916, 986, 1076, 1195, 856, 850, 828, 800, 1106, 939, 754, 1149, 783, 1075, 1105, 1052, 819, 808, 853
1.02, 1116, 1107, 1079, 753, 777, 951, 542, 663, 1050, 1057, 496, 1096, 913, 540, 1063, 1042, 983, 861, 679, 1123, 1082, 1112, 1151, 1055, 1115, 588, 1120, 891, 921, 632, 1122, 1077, 1006, 1086, 1050, 961, 511, 1124, 635, 918, 825, 1053, 709, 1148, 794, 1010, 959, 1156, 1034, 1093, 1109, 1097, 1200, 982, 899, 1159, 1132, 420, 1081, 1031, 917, 827, 927, 600, 886, 812, 925, 1012, 972, 993, 1083, 1065, 1135, 1003, 883, 452, 1026, 944, 856, 1125, 1016, 1145, 1044, 1074, 1125, 856, 906, 949, 1026, 927, 773, 1163, 928, 985, 705, 882, 1042, 1106, 1150, 771
1.03, 961, 911, 1043, 674, 958, 857, 596, 1104, 1018, 1105, 877, 1071, 904, 1080, 865, 895, 1091, 927, 976, 1140, 988, 987, 1121, 463, 1062, 688, 408, 455, 781, 618, 1052, 903, 1024, 856, 960, 999, 818, 648, 706, 1068, 995, 850, 1084, 1102, 451, 1063, 828, 1005, 1020, 809, 1159, 1083, 950, 703, 1198, 786, 992, 853, 999, 1067, 1121, 879, 632, 973, 940, 1089, 1067, 1083, 1131, 689, 473, 1106, 895, 724, 1093, 671, 728, 688, 925, 1153, 1152, 913, 1068, 1014, 880, 974, 665, 663, 908, 1021, 601, 1088, 1077, 1069, 1019, 972, 758, 1045, 871, 999
1.04, 726, 960, 655, 1079, 1004, 871, 477, 857, 957, 941, 1006, 643, 1107, 912, 944, 920, 921, 1072, 990, 1087, 1100, 993, 840, 827, 908, 1061, 947, 731, 805, 1095, 1019, 944, 595, 837, 928, 475, 914, 1118, 1088, 987, 1053, 1034, 696, 938, 927, 1009, 917, 815, 831, 534, 907, 900, 923, 790, 843, 845, 1028, 1046, 902, 824, 864, 485, 899, 975, 479, 909, 1070, 893, 1020, 1063, 855, 648, 1007, 1094, 825, 748, 799, 917, 853, 983, 625, 1008, 1148, 975, 999, 642, 882, 980, 963, 970, 1013, 866, 1063, 833, 975, 626, 894, 1053, 828, 817
1.05, 755, 1044, 545, 798, 945, 534, 1041, 732, 1019, 1085, 998, 870, 828, 890, 984, 1055, 966, 949, 937, 999, 928, 653, 674, 746, 1000, 877, 1067, 1036, 984, 574, 1046, 1006, 614, 570, 1083, 664, 905, 946, 1047, 1087, 1073, 916, 668, 867, 1115, 950, 971, 813, 896, 1076, 1020, 1008, 1088, 470, 1138, 474, 473, 905, 964, 916, 844, 673, 823, 985, 924, 858, 998, 791, 1138, 971, 1036, 922, 939, 952, 1001, 1023, 946, 985, 906, 987, 1111, 786, 971, 631, 797, 811, 1034, 1031, 1014, 945, 927, 1056, 933, 404, 1040, 912, 943, 1110, 995, 889
1.06, 1061, 903, 885, 864, 851, 984, 1009, 905, 900, 894, 994, 613, 799, 763, 674, 930, 943, 916, 814, 906, 940, 645, 873, 1029, 606, 637, 846, 1035, 928, 939, 880, 770, 714, 987, 931, 1038, 615, 729, 1001, 652, 1022, 994, 943, 1103, 866, 1036, 888, 1009, 1124, 869, 957, 974, 711, 1042, 812, 518, 811, 786, 925, 544, 1012, 819, 1030, 905, 929, 921, 907, 527, 822, 936, 786, 825, 748, 985, 899, 891, 642, 866, 903, 948, 491, 965, 1089, 1028, 910, 879, 746, 700, 938, 1003, 822, 923, 995, 774, 869, 846, 965, 492, 743, 1035
1.07, 969, 825, 1040, 932, 1027, 949, 1115, 696, 918, 602, 641, 996, 877, 958, 904, 1041, 970, 989, 785, 637, 1054, 832, 1069, 953, 743, 731, 870, 821, 992, 833, 674, 940, 1004, 750, 946, 1026, 934, 853, 621, 890, 778, 951, 891, 548, 865, 901, 1041, 1062, 1017, 948, 905, 592, 942, 919, 807, 742, 710, 777, 945, 992, 993, 951, 908, 902, 913, 989, 892, 722, 913, 927, 954, 983, 920, 926, 809, 787, 860, 732, 907, 820, 968, 921, 738, 443, 716, 891, 779, 458, 813, 786, 812, 742, 419, 603, 1006, 1001, 924, 868, 802, 847
1.08, 873, 574, 956, 1033, 907, 1055, 926, 840, 972, 1020, 1047, 867, 815, 903, 755, 901, 822, 976, 745, 895, 914, 814, 740, 828, 912, 922, 809, 957, 896, 431, 952, 927, 929, 1006, 768, 690, 1026, 871, 795, 949, 871, 756, 455, 942, 858, 805, 832, 866, 861, 802, 918, 938, 939, 557, 928, 995, 869, 708, 970, 908, 917, 802, 675, 906, 978, 998, 983, 757, 945, 887, 902, 869, 828, 960, 891, 814, 1004, 855, 1005, 923, 755, 803, 766, 830, 842, 871, 786, 897, 766, 882, 1011, 903, 1010, 811, 745, 841, 534, 799, 778, 1008
1.09, 876, 859, 689, 492, 766, 533, 903, 883, 981, 726, 732, 446, 948, 513, 856, 901, 871, 595, 926, 676, 803, 779, 1004, 620, 716, 723, 996, 991, 799, 893, 832, 863, 948, 885, 711, 876, 1036, 970, 936, 831, 927, 701, 650, 800, 684, 864, 795, 1027, 805, 819, 954, 766, 980, 1080, 851, 857, 971, 633, 870, 919, 866, 417, 686, 660, 673, 877, 961, 544, 690, 987, 883, 806, 867, 801, 874, 925, 733, 758, 389, 806, 888, 665, 934, 899, 830, 966, 585, 799, 899, 792, 452, 873, 880, 1020, 905, 747, 648, 847, 747, 926
1.10, 822, 913, 892, 771, 1035, 844, 936, 873, 813, 911, 856, 929, 921, 865, 758, 865, 799, 878, 556, 780, 931, 934, 785, 855, 742, 991, 868, 935, 857, 437, 804, 800, 737, 994, 735, 950, 663, 804, 886, 848, 840, 881, 922, 891, 929, 967, 851, 802, 919, 574, 861, 761, 357, 910, 776, 877, 881, 891, 986, 825, 940, 864, 960, 900, 916, 761, 909, 744, 888, 597, 883, 934, 681, 687, 767, 682, 722, 903, 912, 691, 857, 660, 700, 950, 919, 867, 734, 425, 732, 905, 788, 819, 889, 924, 908, 825, 817, 763, 745, 668
1.11, 613, 861, 949, 747, 702, 948, 806, 800, 590, 920, 923, 924, 719, 951, 884, 632, 881, 768, 920, 797, 779, 767, 929, 928, 872, 781, 725, 697, 743, 734, 864, 671, 818, 801, 858, 862, 950, 771, 852, 815, 824, 1010, 956, 829, 758, 916, 911, 715, 829, 665, 953, 879, 816, 671, 872, 899, 965, 751, 953, 988, 615, 875, 800, 875, 863, 793, 895, 931, 935, 921, 715, 727, 893, 807, 782, 800, 723, 829, 974, 768, 587, 933, 889, 905, 798, 860, 698, 824, 814, 848, 864, 617, 912, 928, 419, 421, 759, 893, 695, 932
1.12, 489, 805, 852, 763, 889, 879, 891, 986, 889, 924, 649, 709, 625, 914, 667, 796, 812, 670, 904, 838, 476, 897, 679, 577, 764, 915, 763, 759, 922, 942, 516, 776, 823, 806, 902, 531, 861, 741, 904, 958, 810, 886, 772, 756, 666, 793, 816, 331, 837, 886, 337, 958, 806, 703, 839, 800, 620, 658, 714, 575, 755, 879, 891, 812, 921, 800, 849, 753, 881, 875, 377, 617, 808, 767, 939, 631, 734, 908, 828, 844, 860, 807, 853, 884, 906, 880, 795, 737, 446, 611, 799, 807, 894, 685, 551, 756, 760, 941, 770, 913
1.13, 833, 696, 674, 801, 711, 545, 471, 754, 821, 737, 882, 777, 589, 982, 653, 710, 700, 845, 425, 693, 882, 710, 905, 834, 465, 947, 831, 683, 681, 401, 820, 679, 811, 894, 974, 720, 872, 807, 788, 840, 669, 871, 546, 680, 870, 722, 894, 940, 744, 712, 860, 842, 930, 840, 900, 752, 956, 828, 544, 816, 440, 604, 558, 723, 564, 819, 702, 878, 703, 895, 845, 715, 818, 699, 664, 468, 739, 960, 666, 901, 826, 787, 933, 852, 677, 692, 738, 816, 889, 777, 924, 866, 765, 746, 671, 809, 659, 775, 761, 662
1.14, 815, 809, 890, 524, 831, 788, 759, 366, 868, 873, 684, 585, 790, 835, 882, 855, 870, 892, 859, 692, 748, 772, 814, 752, 781, 898, 785, 922, 770, 808, 513, 761, 625, 877, 839, 917, 718, 633, 853, 606, 739, 783, 843, 677, 720, 822, 885, 677, 552, 856, 813, 402, 825, 892, 797, 658, 755, 935, 898, 570, 730, 610, 881, 680, 744, 661, 724, 679, 874, 490, 708, 691, 820, 805, 632, 788, 575, 822, 710, 916, 810, 880, 387, 515, 558, 858, 840, 527, 659, 556, 797, 812, 922, 752, 813, 814, 527, 503, 870, 836
1.15, 634, 760, 782, 854, 537, 682, 801, 790, 585, 760, 397, 874, 888, 772, 810, 884, 698, 865, 701, 754, 720, 851, 797, 715, 892, 773, 843, 617, 763, 846, 708, 865, 657, 796, 814, 861, 823, 800, 828, 884, 796, 812, 833, 838, 785, 921, 708, 846, 883, 837, 819, 615, 721, 727, 780, 666, 654, 529, 780, 687, 585, 426, 472, 496, 849, 810, 814, 592, 802, 848, 691, 809, 766, 743, 737, 626, 756, 824, 876, 843, 376, 531, 851, 508, 690, 866, 643, 705, 888, 734, 721, 648, 644, 772, 785, 760, 733, 783, 739, 790
1.16, 749, 815, 596, 787, 803, 552, 849, 545, 587, 753, 639, 860, 692, 746, 728, 881, 684, 665, 836, 633, 807, 813, 633, 825, 756, 630, 846, 765, 572, 667, 849, 729, 665, 698, 625, 733, 781, 601, 672, 601, 550, 672, 823, 769, 688, 793, 602, 785, 888, 738, 844, 840, 798, 814, 786, 625, 697, 666, 759, 757, 801, 803, 853, 764, 560, 883, 744, 859, 898, 790, 840, 595, 731, 787, 867, 757, 662, 608, 514, 650, 725, 669, 858, 785, 773, 599, 783, 830, 638, 688, 794, 634, 455, 877, 897, 768, 818, 806, 782, 656
1.17, 782, 669, 682, 691, 809, 683, 744, 540, 599, 703, 842, 825, 746, 770, 668, 803, 689, 668, 589, 765, 634, 677, 779, 679, 720, 533, 719, 746, 740, 778, 748, 793, 723, 830, 821, 761, 713, 801, 855, 697, 700, 813, 747, 752, 880, 724, 798, 870, 600, 848, 687, 791, 747, 492, 698, 563, 764, 538, 762, 871, 800, 762, 656, 730, 605, 848, 783, 617, 741, 750, 426, 814, 781, 812, 858, 787, 782, 815, 706, 614, 667, 741, 706, 709, 779, 833, 733, 770, 606, 723, 764, 769, 742, 615, 750, 658, 846, 792, 699, 801
1.18, 582, 837, 564, 753, 775, 877, 836, 851, 678, 920, 756, 726, 658, 766, 655, 777, 704, 767, 688, 832, 838, 784, 507, 769, 618, 631, 861, 739, 752, 837, 653, 718, 787, 775, 852, 824, 836, 865, 803, 650, 706, 681, 798, 871, 776, 718, 780, 814, 763, 775, 862, 694, 742, 757, 714, 757, 853, 668, 440, 514, 780, 574, 886, 732, 476, 749, 627, 653, 474, 870, 712, 683, 657, 780, 807, 556, 816, 715, 790, 687, 577, 685, 678, 608, 852, 602, 763, 756, 751, 590, 576, 731, 769, 783, 692, 644, 844, 555, 737, 823
1.19, 731, 841, 731, 732, 722, 662, 662, 812, 736, 583, 707, 581, 730, 778, 498, 679, 508, 768, 731, 700, 798, 663, 756, 685, 697, 662, 725, 657, 801, 704, 828, 780, 376, 316, 794, 786, 703, 735, 641, 750, 732, 673, 542, 467, 629, 735, 717, 656, 745, 619, 752, 710, 829, 654, 782, 760, 647, 590, 778, 585, 802, 690, 704, 725, 771, 720, 625, 749, 765, 564, 657, 781, 675, 826, 726, 692, 726, 730, 726, 742, 596, 741, 776, 717, 572, 588, 699, 770, 725, 484, 708, 725, 790, 782, 827, 814, 420, 819, 727, 706
1.20, 725, 679, 647, 688, 522, 772, 798, 783, 546, 482, 701, 762, 792, 567, 777, 765, 342, 482, 839, 645, 609, 652, 747, 675, 621, 780, 701, 740, 643, 738, 365, 548, 704, 776, 729, 790, 671, 435, 713, 620, 811, 606, 465, 562, 662, 761, 745, 739, 496, 767, 536, 691, 819, 814, 620, 821, 768, 599, 522, 810, 789, 807, 748, 602, 711, 631, 760, 717, 731, 639, 620, 757, 783, 758, 315, 728, 789, 354, 677, 565, 712, 543, 690, 834, 784, 737, 761, 752, 805, 577, 758, 800, 756, 565, 818, 840, 813, 662, 674, 784
1.21, 790, 708, 745, 608, 702, 441, 604, 725, 674, 580, 795, 639, 742, 774, 786, 668, 723, 769, 691, 542, 725, 532, 624, 558, 677, 754, 787, 675, 515, 320, 563, 500, 630, 701, 525, 589, 711, 779, 584, 347, 595, 798, 792, 652, 549, 470, 548, 627, 673, 740, 821, 603, 623, 696, 512, 553, 479, 712, 726, 720, 724, 575, 530, 513, 729, 517, 563, 728, 783, 328, 744, 628, 800, 681, 732, 795, 570, 705, 694, 784, 738, 707, 573, 784, 727, 581, 769, 633, 745, 709, 709, 673, 655, 718, 565, 785, 757, 658, 649, 656
1.22, 597, 702, 714, 702, 753, 737, 782, 377, 546, 721, 695, 664, 604, 732, 654, 718, 577, 749, 685, 724, 671, 732, 617, 623, 646, 672, 702, 702, 635, 729, 535, 799, 729, 662, 835, 665, 795, 774, 747, 715, 716, 445, 697, 774, 685, 714, 656, 766, 667, 741, 715, 711, 495, 578, 619, 595, 747, 744, 678, 693, 525, 690, 668, 726, 578, 769, 552, 773, 640, 627, 706, 369, 768, 725, 514, 682, 771, 660, 562, 684, 686, 734, 563, 704, 468, 451, 494, 699, 753, 642, 666, 690, 461, 717, 742, 669, 783, 750, 589, 751
1.23, 698, 688, 543, 498, 721, 772, 675, 690, 716, 318, 777, 722, 671, 538, 579, 703, 641, 688, 561, 489, 729, 655, 571, 647, 720, 654, 606, 768, 728, 710, 582, 596, 655, 718, 611, 671, 692, 731, 727, 673, 784, 652, 678, 643, 395, 652, 659, 626, 805, 728, 519, 382, 701, 604, 613, 453, 762, 750, 554, 610, 741, 562, 562, 553, 622, 611, 581, 389, 639, 676, 691, 300, 700, 538, 652, 707, 669, 641, 628, 716, 605, 654, 483, 650, 751, 634, 401, 731, 472, 726, 722, 697, 569, 669, 644, 606, 691, 634, 733, 799
1.24, 726, 647, 463, 653, 652, 735, 587, 739, 739, 671, 684, 706, 640, 558, 581, 668, 496, 508, 735, 451, 389, 598, 675, 713, 714, 495, 652, 670, 636, 663, 558, 680, 409, 694, 647, 743, 587, 611, 697, 734, 751, 652, 671, 554, 665, 380, 747, 616, 493, 739, 729, 458, 566, 597, 689, 599, 727, 635, 665, 691, 629, 606, 754, 787, 693, 614, 608, 566, 710, 724, 632, 694, 618, 709, 640, 594, 592, 682, 335, 730, 384, 718, 673, 712, 724, 718, 741, 274, 700, 661, 712, 581, 387, 632, 581, 533, 709, 503, 623, 680
1.25, 730, 616, 547, 710, 677, 683, 663, 715, 658, 684, 664, 696, 532, 700, 705, 541, 627, 603, 616, 721, 645, 671, 689, 593, 613, 593, 663, 687, 538, 537, 547, 589, 550, 648, 612, 546, 590, 579, 544, 734, 634, 694, 659, 606, 473, 499, 697, 675, 636, 647, 680, 508, 704, 649, 627, 500, 499, 728, 629, 749, 741, 551, 626, 339, 716, 688, 646, 603, 698, 674, 456, 652, 619, 543, 518, 558, 416, 704, 642, 576, 642, 674, 588, 564, 590, 740, 464, 567, 636, 708, 720, 624, 701, 669, 647, 738, 460, 649, 665, 667
1.26, 614, 738, 421, 317, 642, 647, 700, 654, 539, 498, 568, 698, 483, 571, 432, 545, 541, 678, 571, 589, 706, 613, 481, 687, 709, 622, 627, 599, 484, 718, 581, 672, 750, 414, 622, 595, 615, 560, 679, 717, 714, 648, 476, 595, 739, 280, 699, 525, 496, 632, 576, 735, 514, 676, 643, 609, 687, 297, 457, 418, 557, 389, 609, 616, 570, 731, 757, 502, 679, 761, 691, 674, 571, 732, 551, 716, 631, 352, 627, 668, 693, 344, 553, 701, 677, 445, 706, 638, 610, 679, 610, 713, 573, 443, 587, 627, 715, 293, 583, 634
1.27, 678, 596, 612, 660, 399, 716, 660, 725, 551, 637, 469, 636, 531, 373, 521, 566, 421, 635, 678, 710, 642, 610, 490, 658, 599, 602, 447, 646, 456, 592, 671, 567, 704, 627, 595, 692, 627, 658, 691, 715, 592, 362, 726, 576, 681, 581, 577, 619, 692, 580, 469, 662, 641, 529, 609, 645, 703, 602, 633, 702, 624, 476, 703, 557, 668, 636, 699, 437, 617, 532, 716, 643, 654, 585, 659, 588, 423, 474, 271, 675, 684, 618, 519, 313, 612, 619, 641, 407, 621, 556, 559, 663, 568, 620, 663, 685, 600, 584, 447, 486
1.28, 503, 550, 285, 622, 525, 649, 265, 554, 592, 459, 668, 690, 551, 475, 680, 635, 486, 542, 604, 647, 606, 522, 655, 586, 568, 623, 626, 585, 708, 651, 577, 676, 643, 626, 633, 529, 373, 597, 654, 601, 596, 518, 577, 664, 713, 255, 638, 379, 716, 642, 284, 645, 655, 673, 624, 302, 634, 477, 590, 671, 590, 528, 614, 595, 441, 540, 498, 571, 555, 674, 612, 561, 594, 580, 264, 654, 481, 601, 674, 562, 588, 577, 686, 649, 551, 531, 532, 680, 658, 691, 699, 648, 493, 639, 677, 508, 580, 711, 345, 543
1.29, 650, 600, 577, 700, 592, 566, 472, 673, 576, 288, 681, 643, 629, 689, 443, 574, 652, 704, 695, 396, 602, 509, 537, 420, 654, 373, 391, 633, 663, 670, 489, 532, 530, 488, 616, 569, 609, 539, 535, 529, 644, 627, 663, 590, 473, 618, 609, 557, 286, 465, 544, 548, 512, 567, 554, 595, 638, 558, 313, 566, 546, 421, 384, 530, 645, 513, 668, 690, 550, 644, 581, 570, 660, 492, 585, 610, 665, 544, 565, 571, 424, 540, 527, 498, 608, 612, 694, 601, 688, 606, 567, 599, 609, 513, 657, 623, 524, 658, 631, 667
1.30, 655, 545, 500, 562, 464, 462, 424, 659, 527, 613, 466, 648, 626, 614, 213, 659, 469, 541, 522, 650, 624, 552, 558, 497, 564, 543, 579, 624, 491, 551, 662, 575, 426, 626, 669, 529, 509, 637, 667, 512, 619, 589, 521, 419, 542, 594, 378, 512, 568, 654, 652, 601, 616, 630, 645, 619, 655, 636, 428, 591, 637, 633, 571, 537, 515, 581, 589, 467, 327, 576, 582, 457, 267, 665, 633, 585, 537, 582, 599, 641, 588, 605, 629, 458, 631, 493, 445, 445, 537, 653, 653, 534, 549, 592, 658, 478, 597, 622, 631, 661
1.31, 582, 612, 592, 632, 270, 505, 520, 595, 605, 547, 602, 620, 533, 389, 530, 532, 496, 492, 610, 636, 639, 456, 639, 609, 514, 577, 581, 547, 584, 519, 609, 545, 602, 673, 556, 594, 485, 407, 619, 559, 641, 566, 568, 534, 576, 463, 440, 569, 624, 529, 330, 580, 537, 663, 550, 520, 644, 577, 618, 523, 579, 571, 620, 402, 585, 604, 549, 657, 649, 549, 633, 604, 354, 642, 547, 512, 526, 601, 586, 500, 556, 310, 599, 528, 626, 531, 589, 554, 530, 623, 667, 457, 568, 502, 337, 572, 492, 571, 526, 581
1.32, 603, 481, 572, 500, 579, 549, 603, 302, 552, 517, 592, 507, 643, 465, 437, 581, 570, 610, 550, 563, 525, 497, 447, 552, 457, 561, 510, 588, 588, 603, 536, 385, 599, 541, 573, 652, 519, 564, 590, 607, 628, 550, 568, 506, 419, 389, 472, 565, 563, 537, 528, 576, 468, 629, 570, 547, 563, 614, 471, 567, 573, 420, 456, 539, 543, 664, 627, 602, 611, 438, 515, 572, 605, 484, 653, 428, 621, 523, 628, 601, 262, 496, 611, 504, 604, 541, 490, 579, 615, 608, 473, 505, 363, 542, 576, 333, 479, 556, 576, 507
1.33, 552, 402, 571, 557, 599, 510, 595, 544, 574, 360, 595, 600, 568, 293, 489, 640, 514, 569, 568, 480, 618, 557, 515, 631, 518, 531, 586, 489, 481, 584, 288, 520, 551, 556, 506, 556, 453, 590, 559, 471, 438, 526, 572, 554, 566, 613, 604, 512, 520, 418, 610, 539, 500, 578, 478, 381, 547, 267, 530, 609, 625, 430, 412, 538, 610, 504, 498, 427, 522, 635, 627, 488, 569, 524, 577, 545, 584, 466, 520, 536, 470, 446, 499, 590, 553, 612, 535, 578, 626, 268, 510, 575, 552, 513, 332, 575, 606, 638, 420, 526
1.34, 599, 515, 643, 576, 576, 571, 499, 420, 561, 508, 523, 565, 600, 566, 635, 477, 559, 559, 518, 582, 520, 507, 537, 544, 513, 482, 450, 628, 405, 590, 544, 539, 570, 247, 486, 407, 535, 525, 480, 527, 554, 549, 255, 290, 587, 467, 595, 525, 455, 557, 535, 434, 480, 538, 434, 511, 566, 578, 535, 596, 548, 557, 537, 491, 550, 467, 548, 550, 539, 525, 562, 579, 446, 290, 582, 642, 382, 275, 501, 366, 485, 579, 474, 459, 434, 548, 505, 488, 560, 595, 600, 543, 256, 484, 506, 648, 292, 588, 557, 537
1.35, 371, 570, 603, 546, 571, 466, 338, 482, 545, 615, 500, 537, 578, 595, 561, 548, 601, 449, 553, 602, 511, 339, 491, 549, 516, 606, 415, 463, 523, 448, 450, 525, 389, 245, 548, 570, 592, 571, 586, 494, 277, 511, 560, 452, 529, 480, 547, 569, 546, 599, 546, 319, 515, 253, 584, 500, 578, 478, 572, 438, 532, 515, 449, 616, 370, 509, 520, 583, 534, 284, 379, 611, 436, 427, 530, 456, 593, 565, 600, 299, 583, 572, 425, 538, 511, 492, 530, 584, 530, 447, 452, 572, 529, 577, 437, 420, 501, 547, 543, 538
1.36, 510, 558, 477, 517, 505, 528, 536, 432, 602, 453, 602, 605, 504, 422, 567, 522, 466, 578, 378, 561, 470, 608, 349, 553, 568, 539, 431, 480, 353, 455, 528, 540, 471, 521, 522, 563, 465, 555, 492, 570, 356, 581, 473, 245, 573, 369, 615, 484, 564, 494, 559, 532, 471, 491, 565, 524, 437, 475, 473, 279, 495, 585, 514, 449, 566, 399, 399, 549, 543, 582, 433, 474, 433, 592, 526, 536, 535, 523, 463, 243, 577, 491, 516, 527, 433, 565, 460, 519, 550, 499, 562, 505, 549, 590, 498, 557, 564, 468, 559, 453
1.37, 348, 521, 292, 522, 487, 522, 482, 580, 472, 443, 491, 323, 435, 527, 538, 459, 480, 556, 554, 400, 570, 544, 309, 236, 560, 488, 554, 530, 534, 497, 535, 533, 561, 525, 349, 479, 523, 430, 508, 552, 389, 476, 475, 588, 477, 495, 518, 412, 544, 480, 518, 448, 569, 505, 580, 515, 402, 454, 519, 574, 291, 543, 407, 515, 525, 561, 378, 509, 536, 494, 470, 508, 500, 309, 309, 471, 488, 259, 449, 497, 495, 487, 543, 527, 564, 296, 467, 560, 428, 294, 509, 580, 532, 389, 514, 393, 575, 424, 230, 530
1.38, 307, 489, 531, 398, 306, 357, 536, 296, 490, 442, 404, 245, 436, 492, 423, 492, 563, 542, 456, 596, 456, 548, 525, 524, 483, 480, 555, 425, 457, 456, 463, 560, 541, 451, 521, 556, 554, 476, 539, 368, 385, 503, 441, 558, 549, 588, 462, 461, 463, 527, 513, 369, 478, 538, 409, 564, 465, 388, 390, 427, 486, 501, 502, 537, 557, 375, 459, 481, 533, 476, 436, 565, 562, 512, 554, 393, 471, 589, 572, 502, 524, 221, 444, 503, 432, 443, 510, 418, 513, 460, 463, 486, 544, 496, 552, 547, 574, 476, 450, 513
1.39, 430, 506, 534, 400, 498, 513, 540, 460, 372, 392, 438, 498, 435, 519, 358, 513, 407, 489, 490, 539, 508, 468, 398, 311, 493, 497, 466, 512, 546, 479, 538, 570, 472, 517, 312, 381, 322, 239, 426, 518, 474, 555, 423, 435, 521, 405, 516, 455, 259, 514, 540, 536, 508, 435, 504, 491, 554, 333, 508, 493, 463, 501, 255, 536, 391, 510, 497, 515, 347, 443, 526, 541, 510, 496, 491, 536, 390, 445, 477, 373, 582, 530, 522, 419, 400, 448, 513, 560, 354, 520, 508, 324, 523, 460, 458, 521, 444, 547, 388, 407
1.40, 392, 415, 484, 352, 323, 370, 441, 313, 379, 472, 486, 534, 524, 490, 461, 405, 413, 464, 230, 368, 549, 489, 352, 490, 306, 465, 322, 423, 215, 477, 510, 501, 432, 466, 521, 491, 443, 529, 363, 422, 463, 487, 442, 405, 483, 481, 459, 466, 536, 517, 465, 393, 453, 225, 455, 516, 421, 530, 480, 465, 445, 457, 350, 341, 443, 426, 514, 480, 416, 451, 409, 504, 335, 507, 531, 514, 237, 523, 474, 478, 511, 505, 376, 500, 447, 343, 477, 506, 527, 480, 306, 511, 469, 458, 456, 491, 439, 384, 467, 459
1.41, 477, 479, 463, 478, 465, 527, 527, 512, 482, 490, 470, 419, 350, 469, 453, 454, 337, 285, 401, 502, 477, 279, 484, 462, 425, 288, 351, 424, 508, 391, 480, 497, 481, 525, 273, 527, 333, 442, 508, 487, 461, 492, 536, 453, 491, 443, 433, 377, 406, 346, 469, 485, 434, 444, 497, 501, 457, 443, 485, 498, 481, 373, 363, 519, 504, 463, 325, 503, 456, 453, 360, 474, 432, 515, 493, 425, 468, 483, 543, 489, 537, 471, 404, 503, 512, 476, 472, 428, 473, 456, 384, 391, 484, 519, 520, 548, 433, 524, 497, 489
1.42, 381, 440, 366, 507, 415, 531, 497, 429, 292, 516, 361, 285, 464, 511, 452, 456, 498, 461, 507, 471, 460, 463, 462, 481, 418, 371, 371, 519, 216, 401, 506, 502, 494, 328, 446, 331, 436, 350, 435, 443, 540, 420, 464, 502, 518, 454, 452, 499, 405, 527, 515, 469, 493, 537, 516, 488, 362, 510, 459, 482, 395, 506, 425, 342, 344, 480, 510, 513, 369, 495, 475, 494, 539, 441, 410, 296, 292, 423, 494, 506, 532, 472, 463, 443, 475, 399, 440, 443, 439, 482, 435, 494, 437, 439, 484, 226, 436, 344, 517, 465
1.43, 421, 468, 489, 447, 401, 493, 480, 451, 441, 418, 439, 459, 466, 344, 322, 474, 338, 448, 477, 460, 418, 348, 373, 424, 409, 479, 425, 496, 509, 417, 451, 451, 319, 424, 372, 447, 440, 428, 462, 303, 466, 378, 387, 496, 378, 422, 499, 273, 439, 502, 295, 275, 468, 340, 486, 496, 362, 476, 408, 357, 468, 500, 394, 413, 386, 428, 449, 419, 478, 377, 350, 361, 488, 441, 370, 507, 469, 510, 419, 294, 409, 484, 401, 408, 457, 489, 492, 492, 403, 520, 431, 309, 463, 406, 390, 478, 410, 507, 401, 474
1.44, 506, 412, 479, 347, 454, 426, 427, 495, 273, 448, 484, 491, 410, 475, 470, 454, 445, 302, 468, 475, 464, 398, 463, 499, 291, 435, 375, 240, 375, 431, 484, 424, 442, 254, 485, 373, 414, 460, 458, 355, 456, 430, 387, 307, 356, 391, 437, 420, 485, 482, 440, 189, 403, 423, 382, 442, 369, 455, 460, 401, 422, 505, 466, 426, 351, 399, 387, 452, 376, 407, 423, 453, 466, 413, 475, 441, 348, 470, 317, 432, 437, 475, 461, 384, 424, 461, 433, 410, 501, 451, 280, 228, 426, 475, 209, 456, 409, 468, 371, 393
1.45, 419, 465, 355, 379, 431, 401, 327, 392, 319, 428, 446, 447, 408, 422, 444, 423, 473, 415, 424, 247, 219, 366, 434, 465, 428, 436, 299, 436, 346, 429, 405, 399, 496, 442, 327, 474, 381, 403, 354, 453, 446, 286, 415, 212, 379, 410, 391, 429, 459, 406, 342, 427, 490, 327, 476, 420, 457, 404, 399, 463, 423, 266, 418, 328, 433, 319, 504, 319, 433, 370, 507, 355, 370, 395, 417, 329, 292, 472, 466, 286, 388, 267, 476, 426, 427, 435, 444, 458, 406, 413, 446, 452, 437, 408, 411, 353, 479, 348, 294, 379
1.46, 333, 331, 402, 426, 481, 397, 413, 293, 467, 460, 370, 302, 384, 409, 381, 440, 421, 381, 267, 419, 383, 413, 422, 368, 378, 470, 458, 408, 424, 444, 281, 393, 463, 440, 373, 475, 373, 351, 400, 336, 446, 460, 255, 169, 442, 462, 413, 460, 405, 300, 376, 387, 385, 430, 471, 385, 422, 429, 465, 422, 417, 422, 421, 435, 392, 453, 392, 393, 404, 376, 312, 438, 404, 470, 425, 418, 429, 446, 456, 418, 314, 475, 242, 483, 281, 259, 470, 411, 412, 371, 402, 419, 426, 402, 394, 382, 288, 297, 266, 360
1.47, 411, 413, 429, 450, 401, 344, 464, 448, 349, 397, 418, 307, 378, 405, 452, 425, 447, 362, 397, 418, 387, 452, 388, 402, 294, 443, 367, 413, 463, 354, 417, 458, 443, 326, 390, 425, 262, 307, 346, 393, 408, 360, 461, 450, 441, 402, 194, 204, 388, 481, 267, 428, 386, 390, 434, 325, 426, 381, 172, 413, 360, 348, 348, 382, 297, 306, 357, 363, 423, 270, 367, 401, 401, 451, 381, 395, 402, 434, 412, 474, 389, 445, 372, 345, 419, 414, 265, 443, 374, 466, 391, 387, 348, 435, 371, 376, 315, 413, 438, 397
1.48, 391, 439, 369, 376, 323, 418, 408, 468, 379, 439, 332, 378, 184, 390, 292, 374, 414, 401, 336, 406, 399, 433, 451, 426, 419, 339, 458, 395, 426, 427, 402, 337, 245, 443, 425, 467, 378, 379, 364, 359, 393, 213, 411, 335, 427, 396, 364, 442, 374, 416, 366, 434, 411, 390, 312, 445, 409, 371, 415, 445, 414, 351, 371, 393, 370, 358, 353, 394, 415, 464, 313, 378, 406, 419, 366, 218, 374, 321, 412, 424, 467, 276, 364, 411, 260, 481, 396, 427, 401, 353, 387, 378, 404, 330, 385, 344, 295, 454, 405, 356
1.49, 345, 315, 396, 230, 352, 396, 335, 397, 311, 422, 388, 266, 405, 440, 339, 422, 261, 430, 401, 408, 419, 369, 403, 351, 375, 397, 442, 385, 402, 362, 417, 415, 233, 410, 453, 361, 172, 443, 417, 377, 321, 379, 361, 377, 364, 417, 399, 448, 376, 421, 390, 445, 328, 363, 215, 442, 297, 427, 333, 352, 308, 359, 348, 394, 425, 393, 334, 401, 398, 257, 446, 343, 401, 422, 377, 439, 367, 412, 304, 433, 381, 346, 350, 325, 390, 342, 363, 423, 346, 378, 326, 406, 330, 453, 400, 372, 384, 360, 253, 359
1.50, 407, 292, 285, 363, 356, 383, 277, 417, 383, 402, 406, 339, 431, 306, 354, 404, 409, 359, 339, 422, 373, 377, 419, 385, 380, 382, 440, 413, 385, 374, 435, 403, 368, 386, 362, 347, 393, 370, 416, 424, 321, 445, 308, 395, 370, 318, 370, 426, 400, 332, 389, 283, 388, 391, 378, 358, 369, 359, 428, 311, 318, 311, 371, 291, 350, 414, 341, 376, 393, 363, 414, 342, 307, 266, 238, 350, 306, 334, 318, 340, 345, 415, 345, 386, 397, 400, 375, 192, 421, 375, 327, 331, 403, 404, 360, 392, 377, 412, 184, 299
1.51, 306, 259, 408, 400, 401, 366, 198, 333, 353, 349, 214, 426, 350, 272, 413, 398, 299, 389, 332, 439, 304, 274, 185, 370, 338, 269, 347, 329, 326, 340, 396, 401, 401, 392, 403, 358, 412, 426, 348, 382, 384, 371, 367, 174, 402, 377, 365, 373, 366, 367, 396, 286, 193, 401, 398, 359, 397, 415, 388, 330, 163, 327, 387, 325, 376, 365, 399, 436, 304, 298, 252, 391, 340, 413, 317, 409, 346, 281, 413, 357, 271, 351, 423, 404, 415, 400, 350, 349, 337, 357, 392, 369, 389, 399, 358, 438, 369, 380, 370, 392
1.52, 350, 406, 416, 344, 361, 340, 417, 378, 389, 365, 388, 337, 375, 403, 318, 309, 396, 352, 232, 414, 271, 349, 407, 354, 386, 325, 381, 411, 336, 358, 369, 358, 240, 350, 353, 291, 218, 276, 204, 319, 356, 334, 316, 395, 393, 333, 356, 290, 370, 390, 286, 294, 339, 370, 349, 342, 384, 227, 244, 366, 294, 370, 295, 389, 381, 309, 362, 354, 354, 355, 373, 270, 255, 411, 340, 390, 380, 361, 391, 353, 389, 329, 391, 360, 344, 290, 387, 360, 369, 413, 368, 259, 322, 409, 398, 354, 335, 341, 365, 363
1.53, 382, 310, 331, 300, 151, 377, 369, 289, 320, 358, 360, 311, 300, 368, 334, 352, 366, 257, 352, 322, 327, 273, 339, 388, 369, 327, 360, 323, 348, 323, 398, 392, 332, 295, 330, 343, 275, 158, 372, 394, 386, 188, 357, 335, 384, 297, 326, 402, 348, 199, 374, 298, 298, 326, 279, 384, 378, 304, 324, 333, 318, 325, 374, 355, 393, 339, 333, 291, 372, 360, 334, 281, 329, 358, 413, 306, 337, 321, 398, 390, 384, 163, 315, 350, 298, 370, 380, 347, 271, 199, 387, 309, 382, 323, 362, 285, 285, 277, 336, 331
1.54, 363, 353, 281, 325, 352, 349, 345, 370, 268, 300, 375, 358, 390, 323, 292, 378, 374, 355, 388, 282, 344, 393, 287, 317, 207, 320, 389, 297, 340, 317, 278, 294, 376, 310, 400, 314, 380, 322, 324, 325, 292, 313, 365, 289, 345, 361, 365, 390, 309, 256, 362, 277, 381, 372, 343, 165, 325, 354, 347, 262, 302, 353, 364, 348, 306, 285, 209, 388, 292, 348, 312, 374, 311, 362, 303, 340, 356, 322, 336, 349, 289, 312, 310, 348, 373, 376, 259, 370, 307, 347, 357, 326, 239, 323, 176, 297, 211, 300, 323, 310
1.55, 378, 277, 362, 331, 331, 334, 266, 329, 306, 296, 335, 351, 362, 254, 342, 370, 187, 276, 188, 351, 307, 327, 364, 357, 276, 376, 328, 337, 293, 258, 358, 293, 262, 310, 386, 230, 328, 317, 348, 366, 316, 244, 380, 309, 265, 350, 348, 353, 378, 295, 355, 270, 302, 328, 320, 335, 375, 393, 311, 367, 292, 377, 313, 344, 340, 292, 378, 382, 366, 313, 311, 355, 162, 326, 353, 223, 321, 328, 314, 352, 367, 373, 360, 341, 218, 284, 344, 342, 300, 352, 334, 343, 365, 337, 343, 354, 275, 360, 339, 340
1.56, 153, 348, 297, 329, 289, 319, 262, 293, 321, 335, 363, 364, 254, 311, 291, 353, 362, 359, 305, 244, 360, 335, 320, 364, 350, 347, 358, 254, 329, 354, 351, 345, 322, 261, 354, 360, 308, 350, 338, 227, 326, 366, 351, 279, 323, 370, 312, 253, 277, 368, 274, 282, 288, 305, 293, 362, 375, 224, 262, 325, 319, 356, 156, 306, 298, 305, 240, 327, 308, 343, 283, 295, 329, 326, 304, 337, 278, 322, 280, 278, 280, 288, 362, 264, 359, 339, 328, 199, 308, 362, 343, 359, 284, 330, 262, 301, 254, 305, 339, 300
1.57, 334, 354, 251, 264, 323, 306, 364, 311, 147, 245, 342, 321, 306, 291, 339, 233, 331, 234, 279, 303, 305, 268, 344, 330, 287, 365, 347, 191, 294, 291, 347, 260, 347, 349, 242, 329, 346, 291, 286, 342, 304, 202, 336, 303, 324, 302, 315, 339, 310, 290, 327, 355, 343, 331, 357, 263, 307, 335, 317, 257, 343, 310, 330, 290, 283, 202, 265, 251, 157, 324, 357, 247, 351, 336, 296, 192, 306, 329, 346, 260, 278, 201, 277, 355, 324, 331, 230, 351, 339, 242, 312, 176, 290, 267, 257, 338, 320, 292, 296, 359
1.58, 218, 337, 294, 329, 270, 343, 235, 257, 338, 352, 277, 250, 337, 321, 227, 158, 151, 297, 283, 334, 273, 304, 269, 267, 321, 307, 165, 302, 244, 321, 299, 279, 342, 210, 299, 256, 259, 324, 311, 297, 268, 322, 358, 333, 321, 347, 295, 333, 318, 313, 296, 148, 245, 324, 256, 318, 347, 209, 257, 317, 313, 302, 191, 295, 253, 337, 220, 326, 336, 351, 311, 271, 310, 337, 288, 342, 279, 332, 317, 336, 290, 345, 352, 135, 325, 200, 301, 285, 334, 328, 285, 316, 320, 274, 296, 288, 202, 242, 343, 331
1.59, 304, 335, 224, 271, 320, 325, 285, 321, 267, 271, 305, 316, 285, 261, 323, 310, 301, 258, 292, 207, 329, 271, 332, 321, 331, 278, 219, 301, 333, 309, 287, 328, 287, 325, 320, 344, 283, 313, 264, 255, 283, 286, 309, 302, 241, 298, 219, 215, 255, 322, 307, 256, 257, 313, 343, 230, 298, 316, 282, 302, 286, 305, 219, 283, 321, 301, 254, 297, 131, 284, 325, 291, 299, 309, 304, 302, 246, 281, 278, 277, 261, 246, 289, 336, 228, 230, 295, 277, 269, 327, 303, 262, 273, 268, 328, 195, 331, 283, 246, 334
1.60, 321, 213, 285, 318, 313, 246, 321, 130, 305, 276, 273, 313, 197, 320, 311, 305, 308, 317, 310, 296, 299, 249, 321, 287, 234, 321, 326, 267, 302, 285, 273, 253, 177, 301, 284, 272, 297, 261, 280, 315, 267, 314, 261, 307, 321, 163, 203, 267, 303, 326, 250, 317, 298, 320, 247, 310, 265, 287, 255, 265, 160, 275, 320, 312, 152, 313, 294, 212, 211, 280, 286, 252, 312, 313, 178, 258, 229, 280, 267, 287, 312, 311, 271, 279, 308, 235, 310, 250, 318, 290, 288, 287, 210, 267, 316, 257, 254, 246, 314, 292
1.61, 277, 271, 288, 237, 253, 277, 220, 218, 297, 306, 257, 284, 264, 294, 293, 327, 239, 259, 305, 285, 247, 298, 279, 205, 278, 267, 301, 249, 304, 218, 261, 281, 244, 256, 295, 249, 134, 279, 252, 309, 191, 252, 278, 281, 283, 254, 192, 276, 310, 292, 284, 235, 310, 269, 250, 272, 298, 289, 282, 295, 283, 272, 239, 297, 191, 288, 288, 299, 225, 266, 250, 282, 253, 311, 244, 302, 278, 321, 265, 186, 240, 151, 240, 315, 278, 264, 290, 276, 287, 251, 238, 267, 298, 280, 266, 247, 261, 255, 316, 315
1.62, 266, 249, 284, 296, 311, 253, 298, 276, 258, 262, 260, 169, 274, 184, 258, 321, 305, 267, 323, 284, 294, 266, 268, 249, 270, 282, 254, 292, 293, 277, 303, 266, 272, 294, 312, 254, 258, 247, 302, 263, 160, 249, 303, 283, 209, 285, 311, 195, 249, 267, 206, 277, 314, 313, 262, 288, 283, 201, 237, 221, 281, 295, 296, 251, 291, 276, 265, 250, 245, 309, 120, 167, 282, 302, 295, 256, 269, 254, 240, 274, 249, 293, 242, 265, 304, 274, 244, 281, 305, 303, 273, 257, 270, 288, 292, 269, 282, 306, 260, 232
1.63, 270, 279, 253, 188, 247, 285, 267, 279, 282, 285, 224, 221, 209, 211, 279, 260, 229, 281, 278, 223, 283, 150, 231, 291, 249, 201, 232, 277, 273, 251, 277, 303, 203, 284, 232, 266, 273, 274, 266, 207, 291, 272, 260, 252, 294, 256, 224, 275, 271, 307, 261, 254, 260, 252, 244, 256, 259, 226, 226, 298, 279, 274, 229, 273, 298, 240, 205, 300, 275, 211, 282, 253, 277, 236, 278, 241, 290, 236, 207, 250, 271, 200, 271, 246, 246, 293, 266, 185, 303, 269, 212, 243, 245, 270, 235, 279, 280, 277, 258, 261
1.64, 254, 273, 265, 277, 265, 296, 278, 251, 214, 284, 267, 267, 254, 255, 202, 260, 285, 269, 246, 262, 243, 236, 277, 239, 289, 285, 274, 262, 221, 223, 294, 224, 260, 245, 267, 225, 230, 276, 191, 288, 267, 160, 290, 263, 247, 225, 232, 290, 218, 244, 263, 289, 130, 274, 260, 242, 276, 290, 289, 268, 244, 288, 246, 221, 240, 280, 277, 264, 231, 267, 268, 255, 298, 242, 263, 225, 214, 267, 259, 266, 263, 265, 284, 259, 278, 282, 223, 196, 263, 259, 120, 223, 191, 285, 237, 275, 274, 261, 274, 214
1.65, 249, 154, 207, 206, 267, 239, 284, 228, 221, 246, 240, 207, 237, 262, 199, 216, 163, 191, 246, 189, 175, 266, 247, 221, 226, 244, 253, 267, 270, 221, 253, 248, 244, 273, 228, 234, 251, 277, 185, 245, 187, 258, 220, 184, 258, 266, 260, 223, 242, 275, 257, 267, 242, 268, 243, 226, 238, 233, 264, 154, 284, 196, 235, 152, 248, 269, 264, 266, 249, 202, 270, 245, 233, 253, 264, 167, 237, 258, 221, 239, 236, 263, 248, 271, 261, 250, 254, 246, 214, 248, 215, 110, 248, 274, 257, 264, 223, 241, 287, 273
1.66, 271, 245, 260, 224, 250, 212, 247, 153, 186, 266, 250, 189, 177, 264, 218, 222, 251, 216, 257, 251, 266, 227, 253, 227, 211, 253, 244, 218, 184, 187, 242, 197, 228, 247, 211, 232, 247, 217, 229, 261, 221, 240, 251, 257, 255, 197, 268, 238, 262, 249, 274, 121, 234, 260, 266, 169, 272, 256, 197, 282, 274, 234, 233, 230, 218, 205, 259, 240, 241, 236, 239, 251, 259, 244, 249, 266, 272, 237, 240, 248, 212, 239, 252, 243, 243, 238, 207, 231, 251, 252, 242, 243, 231, 109, 162, 232, 228, 260, 241, 246
1.67, 200, 218, 235, 183, 245, 208, 241, 235, 232, 253, 220, 275, 201, 161, 251, 241, 258, 235, 246, 130, 226, 251, 222, 154, 238, 215, 193, 201, 177, 214, 248, 240, 245, 203, 243, 214, 170, 226, 217, 265, 177, 238, 255, 238, 204, 249, 213, 231, 262, 235, 224, 218, 263, 215, 235, 221, 210, 232, 230, 268, 252, 230, 255, 215, 245, 208, 261, 228, 196, 241, 215, 249, 184, 217, 212, 204, 212, 169, 250, 276, 253, 254, 230, 233, 249, 234, 197, 178, 229, 188, 221, 221, 230, 218, 223, 208, 213, 245, 205, 248
1.68, 190, 247, 206, 228, 192, 149, 193, 224, 183, 247, 100, 228, 250, 217, 240, 214, 221, 240, 234, 155, 244, 189, 247, 229, 252, 200, 229, 203, 238, 203, 242, 227, 182, 212, 261, 182, 122, 177, 202, 232, 208, 207, 214, 258, 222, 158, 257, 205, 254, 109, 192, 238, 239, 195, 243, 188, 214, 193, 249, 228, 252, 250, 225, 186, 229, 228, 168, 235, 251, 223, 197, 180, 244, 216, 226, 198, 250, 211, 172, 244, 217, 254, 224, 190, 181, 229, 222, 204, 217, 202, 202, 231, 231, 216, 212, 231, 250, 149, 193, 229
1.69, 178, 215, 211, 213, 147, 226, 250, 164, 169, 130, 248, 228, 212, 212, 197, 173, 236, 223, 248, 189, 209, 218, 215, 237, 212, 222, 206, 213, 240, 217, 177, 213, 242, 221, 212, 230, 185, 183, 207, 224, 148, 212, 220, 227, 223, 221, 246, 211, 200, 248, 240, 244, 173, 207, 186, 215, 182, 196, 236, 210, 212, 190, 136, 207, 199, 175, 222, 237, 246, 227, 240, 221, 212, 173, 192, 241, 230, 247, 233, 240, 209, 223, 250, 207, 134, 240, 202, 146, 161, 203, 216, 229, 233, 249, 229, 233, 218, 228, 205, 216
1.70, 205, 232, 211, 217, 172, 188, 213, 218, 184, 239, 226, 218, 221, 167, 228, 181, 244, 127, 215, 202, 188, 207, 227, 187, 210, 220, 195, 167, 219, 173, 227, 229, 214, 205, 174, 205, 209, 207, 213, 213, 202, 230, 176, 164, 221, 226, 202, 209, 144, 218, 121, 192, 222, 196, 167, 213, 226, 226, 199, 232, 229, 199, 215, 227, 206, 189, 221, 201, 226, 203, 229, 226, 190, 228, 218, 214, 200, 184, 114, 209, 217, 191, 235, 230, 211, 185, 220, 222, 221, 199, 211, 231, 230, 233, 245, 214, 217, 217, 166, 222
1.71, 194, 220, 233, 221, 217, 220, 222, 197, 219, 228, 205, 208, 227, 201, 200, 204, 187, 214, 214, 204, 229, 198, 184, 151, 213, 196, 150, 174, 163, 201, 198, 207, 147, 128, 204, 229, 228, 217, 226, 190, 211, 214, 206, 231, 140, 206, 141, 137, 208, 80, 197, 214, 212, 150, 207, 218, 178, 219, 217, 222, 176, 197, 195, 215, 213, 144, 209, 141, 186, 200, 203, 159, 219, 183, 203, 203, 179, 207, 212, 222, 203, 156, 172, 216, 191, 214, 217, 192, 226, 180, 196, 219, 157, 177, 222, 226, 178, 218, 217, 178
1.72, 120, 205, 142, 166, 126, 187, 223, 144, 163, 165, 180, 160, 210, 168, 166, 179, 191, 196, 196, 172, 213, 136, 218, 223, 140, 199, 88, 150, 150, 204, 195, 196, 191, 187, 153, 195, 195, 115, 203, 189, 197, 220, 190, 165, 206, 174, 198, 163, 165, 210, 209, 186, 172, 203, 196, 185, 210, 207, 175, 184, 200, 179, 185, 195, 90, 181, 223, 189, 180, 179, 199, 187, 208, 209, 162, 159, 214, 188, 113, 206, 209, 203, 201, 188, 191, 219, 202, 209, 193, 176, 205, 175, 146, 193, 205, 197, 193, 176, 190, 205
1.73, 212, 191, 154, 115, 125, 188, 121, 193, 182, 185, 171, 190, 208, 166, 197, 187, 190, 192, 191, 198, 189, 191, 173, 166, 193, 204, 138, 199, 167, 208, 198, 184, 181, 199, 165, 172, 148, 206, 200, 193, 142, 195, 112, 187, 202, 167, 168, 169, 199, 216, 174, 200, 168, 189, 207, 200, 195, 202, 165, 178, 173, 192, 188, 191, 172, 216, 178, 133, 175, 181, 205, 189, 166, 208, 211, 176, 192, 163, 208, 184, 205, 199, 189, 195, 195, 92, 213, 205, 131, 185, 145, 201, 206, 145, 206, 191, 170, 162, 162, 221
1.74, 173, 186, 174, 172, 193, 191, 188, 202, 185, 192, 180, 165, 204, 183, 172, 184, 174, 169, 146, 190, 173, 186, 155, 203, 197, 158, 212, 158, 159, 193, 174, 162, 187, 166, 193, 196, 191, 177, 160, 156, 185, 164, 188, 203, 181, 199, 175, 181, 190, 193, 186, 177, 157, 180, 202, 194, 187, 191, 196, 186, 198, 190, 182, 188, 170, 178, 183, 140, 183, 191, 186, 119, 170, 186, 184, 166, 202, 153, 189, 194, 193, 187, 182, 199, 179, 177, 175, 170, 124, 188, 174, 191, 193, 179, 127, 198, 171, 187, 192, 184
1.75, 135, 181, 165, 151, 179, 175, 165, 172, 180, 184, 181, 149, 120, 180, 188, 167, 178, 179, 187, 173, 173, 183, 195, 133, 165, 81, 146, 176, 185, 155, 155, 163, 120, 174, 158, 177, 181, 117, 168, 180, 139, 152, 121, 194, 168, 133, 162, 182, 178, 182, 184, 180, 164, 185, 181, 151, 188, 142, 188, 167, 154, 137, 185, 138, 185, 148, 181, 201, 155, 170, 186, 122, 182, 141, 79, 178, 148, 166, 181, 107, 180, 178, 130, 146, 165, 175, 176, 171, 177, 82, 152, 140, 122, 147, 179, 149, 165, 97, 174, 152
1.76, 178, 175, 171, 165, 131, 185, 129, 134, 146, 152, 169, 165, 173, 159, 167, 166, 164, 178, 167, 98, 185, 123, 121, 138, 191, 171, 174, 157, 162, 137, 181, 179, 177, 148, 146, 172, 129, 127, 167, 162, 178, 161, 166, 180, 110, 175, 163, 147, 180, 125, 89, 176, 130, 179, 161, 182, 177, 152, 178, 161, 143, 149, 156, 177, 185, 163, 156, 159, 101, 163, 148, 143, 180, 175, 117, 160, 127, 192, 167, 144, 186, 166, 160, 190, 98, 179, 178, 157, 167, 166, 155, 165, 149, 131, 163, 158, 172, 155, 167, 178
1.77, 142, 143, 141, 168, 166, 176, 173, 162, 154, 149, 153, 163, 127, 100, 164, 145, 144, 167, 160, 150, 167, 171, 165, 115, 144, 110, 178, 161, 149, 164, 120, 152, 168, 117, 160, 142, 127, 166, 162, 150, 78, 149, 158, 169, 123, 166, 116, 141, 167, 136, 165, 127, 137, 168, 176, 151, 159, 172, 147, 122, 146, 140, 166, 172, 156, 176, 172, 150, 151, 171, 151, 145, 155, 165, 154, 148, 162, 159, 179, 154, 171, 125, 163, 169, 140, 177, 142, 150, 140, 139, 160, 145, 132, 173, 118, 153, 157, 158, 141, 182
1.78, 145, 149, 145, 149, 150, 145, 150, 162, 167, 157, 147, 142, 131, 146, 155, 96, 136, 161, 155, 144, 150, 152, 150, 145, 121, 124, 155, 126, 141, 154, 100, 107, 149, 169, 118, 151, 152, 119, 166, 148, 161, 153, 158, 145, 130, 158, 149, 166, 154, 93, 167, 165, 166, 151, 141, 148, 130, 162, 100, 161, 130, 107, 116, 134, 126, 143, 116, 141, 90, 130, 154, 150, 156, 105, 160, 148, 160, 158, 160, 155, 96, 150, 149, 148, 157, 158, 161, 147, 143, 160, 104, 138, 138, 145, 135, 136, 171, 151, 147, 152
1.79, 139, 131, 125, 145, 144, 129, 120, 136, 152, 148, 110, 151, 127, 160, 137, 127, 160, 124, 139, 156, 160, 151, 137, 146, 155, 148, 151, 146, 122, 126, 128, 89, 111, 84, 154, 149, 147, 130, 148, 118, 160, 145, 127, 141, 150, 149, 154, 134, 141, 145, 147, 129, 148, 153, 136, 129, 142, 130, 141, 158, 143, 162, 128, 156, 119, 150, 141, 158, 130, 132, 80, 149, 129, 138, 149, 125, 122, 156, 142, 145, 152, 133, 145, 145, 145, 126, 115, 151, 153, 129, 159, 145, 108, 123, 141, 156, 143, 150, 154, 111
1.80, 143, 127, 129, 141, 118, 132, 131, 116, 139, 142, 136, 133, 142, 116, 114, 87, 148, 116, 108, 135, 124, 102, 149, 127, 132, 117, 115, 85, 135, 139, 127, 147, 128, 135, 134, 118, 145, 140, 143, 135, 146, 132, 104, 141, 119, 83, 121, 133, 127, 93, 84, 136, 109, 125, 123, 142, 118, 134, 121, 138, 141, 145, 116, 124, 125, 148, 150, 116, 100, 119, 142, 141, 141, 135, 100, 117, 117, 112, 143, 108, 131, 138, 146, 127, 142, 107, 114, 147, 103, 111, 143, 125, 142, 135, 129, 133, 134, 100, 118, 127
1.81, 123, 121, 120, 127, 138, 110, 114, 101, 127, 131, 91, 122, 131, 96, 127, 134, 134, 121, 133, 100, 130, 129, 105, 125, 128, 130, 95, 120, 148, 127, 128, 101, 125, 121, 131, 116, 112, 122, 109, 100, 95, 92, 122, 113, 102, 116, 133, 121, 140, 119, 124, 94, 132, 133, 135, 131, 138, 108, 93, 113, 117, 128, 115, 116, 131, 130, 132, 87, 135, 122, 112, 140, 122, 128, 132, 127, 134, 116, 88, 120, 124, 130, 129, 139, 117, 109, 108, 111, 120, 88, 116, 124, 123, 121, 135, 141, 117, 98, 131, 128
1.82, 127, 109, 103, 104, 108, 112, 121, 109, 122, 117, 90, 115, 103, 120, 125, 129, 115, 99, 88, 123, 97, 116, 96, 125, 110, 126, 118, 109, 132, 127, 121, 114, 105, 90, 123, 118, 127, 120, 108, 124, 130, 91, 109, 114, 101, 99, 112, 121, 88, 125, 118, 91, 100, 88, 93, 134, 100, 101, 92, 114, 104, 121, 117, 88, 113, 99, 121, 120, 120, 106, 107, 126, 112, 121, 114, 131, 121, 129, 110, 121, 99, 121, 118, 112, 92, 104, 109, 126, 102, 119, 131, 126, 128, 120, 119, 124, 122, 108, 120, 128
1.83, 93, 95, 108, 93, 96, 116, 119, 117, 103, 101, 109, 111, 109, 114, 93, 116, 112, 108, 94, 109, 98, 106, 92, 99, 114, 94, 105, 93, 112, 108, 110, 104, 94, 114, 93, 110, 108, 117, 105, 103, 96, 113, 116, 112, 112, 100, 108, 96, 117, 110, 94, 103, 117, 114, 93, 107, 105, 106, 110, 115, 94, 111, 110, 112, 102, 108, 100, 108, 108, 94, 105, 106, 97, 112, 98, 111, 98, 120, 109, 104, 92, 108, 119, 114, 108, 99, 115, 96, 110, 121, 95, 93, 102, 115, 107, 97, 115, 97, 93, 103
1.84, 102, 108, 97, 98, 98, 101, 103, 100, 105, 97, 96, 105, 97, 98, 102, 113, 98, 98, 97, 103, 100, 100, 96, 99, 101, 110, 108, 96, 101, 101, 96, 98, 104, 101, 107, 102, 97, 96, 98, 101, 104, 99, 99, 99, 107, 106, 97, 100, 107, 106, 100, 108, 108, 108, 101, 96, 101, 99, 97, 100, 105, 102, 103, 98, 99, 103, 97, 96, 97, 101, 105, 102, 103, 101, 101, 107, 104, 97, 97, 101, 103, 105, 96, 101, 96, 99, 101, 106, 96, 100, 106, 102, 97, 104, 108, 100, 96, 106, 97, 108
1.85, 101, 102, 102, 102, 102, 102, 103, 101, 102, 102, 102, 102, 102, 103, 102, 103, 102, 102, 102, 102, 102, 101, 101, 102, 102, 102, 102, 102, 102, 102, 103, 102, 102, 101, 102, 103, 102, 103, 103, 102, 102, 103, 103, 102, 103, 102, 102, 101, 102, 102, 103, 103, 102, 103, 102, 103, 101, 102, 102, 102, 102, 101, 101, 102, 102, 103, 103, 102, 101, 102, 102, 102, 102, 102, 102, 101, 101, 102, 102, 102, 102, 103, 102, 103, 102, 103, 102, 103, 102, 102, 103, 102, 102, 102, 103, 103, 102, 102, 102, 103
1.86, 109, 109, 108, 109, 109, 109, 109, 108, 109, 108, 108, 109, 109, 109, 110, 108, 109, 109, 108, 109, 108, 108, 109, 109, 108, 109, 109, 108, 109, 109, 110, 109, 108, 108, 109, 109, 109, 109, 109, 109, 109, 109, 109, 109, 109, 109, 109, 109, 109, 108, 108, 109, 109, 109, 109, 109, 108, 109, 109, 109, 109, 109, 109, 110, 109, 108, 108, 109, 108, 110, 109, 109, 108, 108, 109, 110, 109, 109, 109, 109, 108, 109, 108, 109, 108, 110, 108, 109, 109, 109, 109, 108, 108, 109, 109, 108, 108, 109, 108, 109
1.87, 117, 117, 117, 117, 117, 117, 118, 117, 117, 118, 118, 117, 117, 117, 117, 117, 117, 117, 117, 118, 117, 117, 117, 117, 117, 117, 116, 117, 115, 117, 116, 116, 117, 117, 116, 118, 117, 117, 117, 117, 118, 116, 116, 117, 116, 117, 117, 116, 117, 118, 117, 116, 116, 117, 117, 117, 117, 117, 117, 117, 117, 117, 117, 117, 117, 117, 117, 117, 117, 117, 117, 117, 117, 117, 116, 117, 117, 117, 116, 116, 117, 117, 117, 117, 117, 118, 116, 116, 117, 117, 116, 117, 117, 117, 117, 116, 117, 116, 116, 117
1.88, 126, 127, 127, 127, 126, 127, 127, 125, 125, 126, 126, 127, 127, 127, 125, 126, 126, 127, 126, 125, 127, 126, 125, 126, 126, 126, 126, 126, 126, 126, 126, 126, 125, 127, 125, 126, 126, 127, 127, 125, 126, 127, 125, 126, 126, 126, 127, 125, 126, 126, 126, 126, 126, 127, 126, 126, 127, 127, 126, 126, 125, 126, 126, 126, 126, 126, 127, 126, 126, 126, 126, 126, 126, 127, 126, 126, 125, 126, 126, 126, 127, 126, 126, 127, 126, 126, 127, 125, 126, 127, 126, 126, 126, 126, 126, 126, 126, 126, 126, 126
1.89, 137, 136, 137, 137, 137, 138, 137, 137, 136, 137, 137, 137, 137, 137, 137, 137, 138, 136, 137, 137, 137, 138, 137, 136, 136, 137, 136, 137, 136, 137, 138, 136, 136, 137, 137, 137, 137, 137, 137, 137, 137, 137, 136, 137, 137, 136, 137, 137, 137, 138, 138, 136, 137, 137, 136, 136, 136, 137, 137, 137, 137, 137, 136, 138, 136, 137, 137, 136, 136, 137, 137, 137, 136, 137, 137, 136, 137, 137, 136, 137, 137, 137, 136, 137, 138, 137, 137, 137, 138, 137, 137, 139, 136, 137, 137, 137, 136, 137, 137, 137
1.90, 149, 149, 149, 149, 149, 150, 149, 149, 149, 151, 149, 149, 150, 149, 149, 151, 149, 150, 149, 150, 149, 149, 148, 149, 151, 149, 151, 150, 149, 149, 149, 150, 149, 149, 149, 149, 149, 150, 149, 149, 149, 150, 151, 149, 149, 150, 149, 149, 150, 149, 149, 150, 149, 149, 149, 149, 149, 148, 151, 150, 149, 150, 150, 150, 149, 150, 149, 149, 150, 150, 150, 151, 149, 148, 151, 149, 149, 150, 148, 149, 150, 148, 149, 148, 150, 148, 148, 150, 149, 149, 151, 149, 148, 150, 148, 150, 149, 151, 149, 149
1.91, 163, 163, 164, 163, 162, 162, 163, 163, 163, 163, 163, 162, 163, 163, 164, 162, 163, 163, 162, 163, 162, 163, 163, 163, 163, 163, 163, 162, 163, 164, 163, 163, 163, 163, 162, 164, 162, 163, 163, 164, 163, 164, 163, 163, 163, 164, 162, 163, 164, 164, 164, 163, 163, 162, 162, 163, 162, 164, 163, 164, 163, 164, 163, 164, 164, 163, 164, 163, 163, 163, 163, 163, 163, 163, 162, 163, 163, 162, 164, 162, 163, 164, 163, 163, 163, 163, 163, 163, 163, 163, 163, 164, 163, 162, 163, 164, 162, 164, 165, 163
1.92, 182, 183, 183, 183, 183, 182, 183, 183, 183, 184, 183, 182, 184, 183, 183, 182, 184, 182, 183, 183, 183, 182, 182, 183, 183, 184, 182, 183, 183, 183, 183, 182, 183, 184, 183, 183, 183, 182, 183, 183, 183, 183, 183, 183, 183, 183, 183, 184, 183, 183, 182, 183, 182, 182, 183, 183, 184, 183, 183, 183, 183, 183, 183, 183, 183, 183, 183, 183, 182, 183, 182, 183, 183, 183, 183, 183, 182, 183, 183, 182, 182, 183, 184, 182, 182, 183, 183, 183, 183, 183, 183, 183, 183, 183, 183, 183, 182, 183, 182, 183
1.93, 208, 208, 209, 209, 208, 208, 209, 210, 209, 210, 208, 209, 209, 209, 210, 209, 209, 208, 209, 208, 208, 208, 209, 208, 209, 209, 209, 209, 210, 209, 209, 209, 208, 209, 210, 210, 208, 208, 209, 209, 208, 208, 209, 209, 209, 209, 210, 209, 208, 208, 210, 208, 209, 209, 207, 209, 208, 209, 209, 209, 209, 208, 209, 209, 209, 209, 210, 209, 209, 209, 208, 208, 209, 209, 208, 208, 209, 208, 209, 209, 210, 209, 208, 208, 208, 208, 208, 208, 208, 208, 208, 208, 209, 208, 209, 208, 208, 209, 209, 209
1.94, 241, 242, 242, 242, 241, 242, 242, 242, 241, 242, 241, 242, 241, 242, 243, 241, 241, 243, 242, 241, 242, 241, 241, 241, 241, 242, 242, 242, 242, 242, 242, 243, 241, 241, 241, 242, 242, 242, 242, 242, 242, 241, 242, 241, 240, 242, 242, 242, 242, 242, 241, 241, 241, 241, 242, 241, 241, 242, 241, 242, 241, 242, 242, 243, 241, 243, 242, 242, 242, 242, 241, 242, 241, 242, 241, 242, 241, 242, 242, 242, 242, 242, 241, 242, 242, 241, 241, 242, 243, 242, 241, 241, 242, 242, 242, 242, 243, 243, 242, 242
1.95, 292, 290, 291, 291, 290, 290, 290, 290, 291, 290, 291, 289, 290, 290, 290, 291, 290, 290, 290, 290, 290, 289, 290, 290, 290, 291, 290, 291, 290, 290, 290, 290, 289, 290, 290, 290, 290, 289, 291, 290, 290, 289, 290, 290, 290, 290, 290, 290, 290, 290, 290, 291, 291, 290, 291, 290, 290, 291, 291, 289, 289, 290, 290, 291, 290, 290, 291, 290, 290, 290, 290, 290, 288, 290, 290, 289, 290, 290, 289, 290, 290, 289, 289, 290, 290, 292, 289, 290, 290, 289, 289, 290, 290, 291, 289, 290, 290, 290, 290, 291
1.96, 362, 362, 362, 362, 361, 361, 362, 361, 362, 362, 362, 362, 362, 363, 362, 361, 361, 361, 362, 362, 362, 363, 361, 360, 363, 362, 361, 363, 361, 360, 361, 363, 362, 362, 361, 363, 361, 362, 362, 361, 361, 361, 362, 362, 361, 360, 361, 362, 362, 362, 361, 362, 362, 363, 363, 362, 362, 362, 361, 361, 361, 362, 362, 360, 362, 362, 362, 361, 363, 362, 362, 363, 363, 362, 361, 362, 361, 361, 361, 362, 362, 362, 361, 362, 363, 362, 361, 362, 361, 361, 361, 361, 363, 363, 361, 362, 361, 361, 362, 361
1.97, 481, 482, 483, 480, 482, 480, 481, 482, 483, 480, 482, 480, 482, 480, 480, 482, 481, 483, 480, 483, 482, 482, 480, 482, 481, 484, 481, 481, 482, 482, 482, 482, 481, 482, 481, 482, 481, 481, 482, 482, 481, 481, 482, 481, 483, 480, 482, 482, 481, 481, 483, 482, 481, 481, 483, 482, 482, 481, 482, 481, 482, 481, 482, 480, 481, 481, 481, 481, 481, 481, 480, 481, 482, 481, 481, 482, 484, 480, 482, 483, 481, 481, 481, 483, 481, 480, 481, 481, 483, 482, 482, 481, 481, 482, 481, 482, 481, 484, 482, 481
1.98, 722, 724, 726, 721, 722, 723, 726, 721, 722, 723, 724, 724, 723, 724, 727, 724, 726, 724, 723, 724, 723, 725, 725, 723, 720, 723, 723, 724, 724, 727, 723, 721, 725, 726, 723, 721, 725, 725, 726, 723, 720, 724, 721, 725, 726, 726, 724, 726, 724, 722, 723, 724, 722, 723, 724, 725, 724, 723, 724, 725, 725, 723, 725, 723, 726, 725, 724, 724, 721, 723, 723, 724, 720, 721, 724, 724, 724, 723, 723, 722, 723, 724, 723, 725, 724, 724, 723, 724, 724, 725, 723, 724, 725, 723, 723, 724, 725, 722, 723, 722
1.99, 1450, 1452, 1450, 1448, 1450, 1453, 1446, 1451, 1447, 1453, 1448, 1451, 1450, 1453, 1451, 1447, 1448, 1449, 1449, 1450, 1451, 1447, 1450, 1446, 1450, 1448, 1454, 1453, 1449, 1447, 1447, 1446, 1453, 1452, 1450, 1446, 1448, 1449, 1449, 1450, 1450, 1454, 1449, 1448, 1447, 1451, 1450, 1448, 1448, 1448, 1450, 1451, 1447, 1446, 1452, 1450, 1447, 1447, 1453, 1448, 1449, 1449, 1451, 1449, 1444, 1449, 1451, 1451, 1448, 1450, 1448, 1452, 1451, 1448, 1446, 1452, 1447, 1452, 1453, 1453, 1447, 1449, 1451, 1452, 1448, 1452, 1449, 1446, 1449, 1452, 1448, 1451, 1450, 1448, 1452, 1449, 1452, 1449, 1451, 1449
0.50 2754.5
0.51 2652.1
0.52 2580.6
0.53 2554.6
0.54 2492.6
0.55 2503.2
0.56 2386.7
0.57 2408.0
0.58 2319.1
0.59 2201.2
0.60 2211.7
0.61 2163.0
0.62 2146.3
0.63 2034.8
0.64 1994.3
0.65 1992.7
0.66 1883.4
0.67 1881.8
0.68 1865.6
0.69 1782.0
0.70 1727.2
0.71 1737.2
0.72 1696.3
0.73 1686.9
0.74 1624.7
0.75 1547.2
0.76 1538.0
0.77 1503.2
0.78 1521.2
0.79 1478.6
0.80 1469.9
0.81 1380.6
0.82 1362.5
0.83 1305.8
0.84 1376.3
0.85 1319.2
0.86 1272.5
0.87 1263.4
0.88 1215.5
0.89 1183.3
0.90 1196.8
0.91 1172.1
0.92 1181.2
0.93 1112.1
0.94 1077.5
0.95 1075.7
0.96 1091.9
0.97 1048.8
0.98 1033.5
0.99 1009.1
1.00 1020.5
1.01 951.6
1.02 949.5
1.03 914.7
1.04 896.5
1.05 903.2
1.06 868.5
1.07 860.9
1.08 863.3
1.09 808.4
1.10 825.1
1.11 818.3
1.12 775.5
1.13 757.5
1.14 747.3
1.15 744.5
1.16 733.6
1.17 730.5
1.18 728.2
1.19 697.3
1.20 683.3
1.21 656.0
1.22 668.5
1.23 637.5
1.24 629.9
1.25 624.3
1.26 595.2
1.27 593.5
1.28 574.5
1.29 569.0
1.30 561.2
1.31 552.5
1.32 537.2
1.33 525.6
1.34 512.0
1.35 504.5
1.36 502.0
1.37 475.4
1.38 478.5
1.39 464.3
1.40 441.7
1.41 454.8
1.42 445.0
1.43 426.8
1.44 415.6
1.45 399.4
1.46 394.9
1.47 386.3
1.48 383.5
1.49 371.6
1.50 363.9
1.51 354.3
1.52 347.1
1.53 329.8
1.54 325.4
1.55 323.5
1.56 311.1
1.57 298.7
1.58 290.2
1.59 286.2
1.60 276.3
1.61 267.2
1.62 267.3
1.63 255.6
1.64 253.3
1.65 236.8
1.66 234.0
1.67 224.4
1.68 213.7
1.69 211.1
1.70 206.3
1.71 197.0
1.72 183.4
1.73 181.8
1.74 180.2
1.75 161.2
1.76 158.3
1.77 151.7
1.78 143.1
1.79 138.6
1.80 126.5
1.81 120.0
1.82 113.0
1.83 105.5
1.84 101.2
1.85 102.1
1.86 108.8
1.87 116.9
1.88 126.1
1.89 136.9
1.90 149.3
1.91 163.1
1.92 182.9
1.93 208.7
1.94 241.7
1.95 290.0
1.96 361.7
1.97 481.5
1.98 723.6
1.99 1449.5
