0.50 239.9
0.51 235.0
0.52 228.0
0.53 219.9
0.54 216.1
0.55 213.4
0.56 202.5
0.57 196.8
0.58 197.8
0.59 188.7
0.60 188.9
0.61 180.6
0.62 177.8
0.63 177.5
0.64 168.9
0.65 168.8
0.66 164.0
0.67 162.0
0.68 156.8
0.69 153.8
0.70 150.2
0.71 147.3
0.72 142.1
0.73 140.8
0.74 137.6
0.75 135.5
0.76 133.2
0.77 130.9
0.78 126.4
0.79 123.8
0.80 124.5
0.81 119.0
0.82 118.8
0.83 116.2
0.84 111.8
0.85 107.7
0.86 109.4
0.87 106.8
0.88 103.8
0.89 103.5
0.90 101.1
0.91 99.0
0.92 96.5
0.93 94.4
0.94 93.1
0.95 92.2
0.96 89.5
0.97 86.1
0.98 86.6
0.99 82.4
1.00 82.8
1.01 81.7
1.02 79.2
1.03 78.9
1.04 78.2
1.05 74.4
1.06 74.2
1.07 70.7
1.08 69.8
1.09 70.0
1.10 66.9
1.11 67.3
1.12 65.5
1.13 62.5
1.14 62.0
1.15 61.3
1.16 60.1
1.17 59.8
1.18 58.3
1.19 56.8
1.20 54.6
1.21 54.2
1.22 52.6
1.23 51.8
1.24 50.0
1.25 49.7
1.26 47.9
1.27 47.6
1.28 46.5
1.29 45.6
1.30 43.5
1.31 43.1
1.32 41.6
1.33 41.0
1.34 40.4
1.35 38.7
1.36 37.7
1.37 36.9
1.38 35.8
1.39 34.7
1.40 33.9
1.41 32.4
1.42 32.0
1.43 30.0
1.44 29.6
1.45 28.5
1.46 27.6
1.47 26.5
1.48 25.0
1.49 24.1
1.50 24.0
1.51 24.6
1.52 25.2
1.53 26.0
1.54 26.6
1.55 27.2
1.56 28.1
1.57 28.8
1.58 29.6
1.59 30.5
1.60 31.3
1.61 32.2
1.62 33.2
1.63 34.1
1.64 35.2
1.65 36.1
1.66 37.0
1.67 38.2
1.68 39.4
1.69 41.0
1.70 42.5
1.71 44.2
1.72 46.0
1.73 48.0
1.74 50.0
1.75 52.1
1.76 54.2
1.77 56.9
1.78 59.7
1.79 62.9
1.80 66.3
1.81 70.0
1.82 73.7
1.83 78.3
1.84 83.8
1.85 89.9
1.86 96.2
1.87 104.2
1.88 113.1
1.89 124.0
1.90 136.9
1.91 152.9
1.92 172.3
1.93 197.7
1.94 231.6
1.95 278.6
1.96 349.1
1.97 467.2
1.98 703.9
1.99 1410.4