1.50 4152.4
1.51 3635.8
1.52 4518.9
1.53 3864.1
1.54 3369.7
1.55 3843.2
1.56 4010.3
1.57 3353.9
1.58 3220.5
1.59 3069.9
1.60 3530.2
1.61 3233.6
1.62 2992.1
1.63 2833.0
1.64 3120.7
1.65 2491.3
1.66 2624.3
1.67 2629.5
1.68 2453.0
1.69 2558.4
1.70 2657.5
1.71 2375.0
1.72 2473.0
1.73 2268.5
1.74 2033.4
1.75 2210.7
1.76 2322.9
1.77 1753.3
1.78 1944.0
1.79 2013.1
1.80 1779.8
1.81 1452.2
1.82 1873.8
1.83 1568.7
1.84 1566.0
1.85 1408.6
1.86 1193.6
1.87 1325.6
1.88 1215.4
1.89 977.4
1.90 908.3
1.91 935.8
1.92 874.4
1.93 697.0
1.94 665.2
1.95 540.7
1.96 491.5
1.97 538.0
1.98 775.8
1.99 1482.4