Updating af6bca5..b781b81
Fast-forward
 Assignment 6/test_SOR_OMEGA.c |    4 ++--
 1 files changed, 2 insertions(+), 2 deletions(-)

 Hello World -- SOR OMEGA test 

 MAXSIZE = 10
0.50, 233, 278, 271, 245, 265, 197, 197, 272, 218, 273, 236, 266, 240, 248, 228, 239, 224, 240, 218, 258, 184, 230, 141, 221, 217, 254, 265, 166, 259, 243, 256, 250, 249, 238, 257, 240, 260, 229, 247, 256, 252, 226, 253, 256, 256, 218, 255, 257, 249, 254, 246, 240, 223, 256, 246, 198, 226, 263, 269, 265, 181, 211, 239, 245, 215, 252, 274, 265, 259, 213, 217, 271, 258, 191, 236, 260, 255, 266, 260, 258, 266, 230, 237, 259, 264, 190, 274, 222, 257, 244, 180, 245, 271, 277, 241, 212, 234, 151, 248, 247
0.51, 196, 232, 272, 257, 266, 224, 235, 249, 206, 240, 258, 246, 244, 207, 250, 222, 244, 247, 248, 263, 241, 263, 225, 241, 250, 248, 214, 256, 198, 249, 218, 245, 247, 216, 239, 262, 247, 204, 240, 260, 236, 222, 217, 235, 240, 205, 257, 257, 245, 231, 227, 243, 263, 232, 243, 149, 229, 261, 245, 240, 205, 196, 231, 234, 201, 193, 240, 218, 262, 257, 226, 239, 239, 228, 239, 251, 212, 259, 238, 217, 263, 200, 181, 198, 237, 231, 226, 255, 242, 254, 247, 241, 233, 245, 258, 213, 227, 228, 243, 247
0.52, 246, 249, 218, 231, 222, 229, 259, 254, 221, 173, 176, 242, 237, 229, 231, 241, 213, 239, 167, 248, 245, 229, 233, 224, 232, 262, 190, 237, 173, 247, 210, 224, 211, 240, 242, 256, 244, 237, 233, 232, 228, 222, 202, 220, 234, 266, 252, 206, 211, 186, 224, 231, 198, 245, 214, 219, 238, 226, 226, 247, 248, 212, 247, 154, 220, 228, 247, 249, 241, 243, 233, 232, 246, 228, 239, 246, 208, 246, 239, 263, 250, 220, 253, 193, 218, 239, 217, 238, 256, 224, 209, 228, 253, 223, 262, 249, 205, 218, 181, 172
0.53, 199, 222, 232, 222, 238, 213, 247, 234, 223, 245, 244, 159, 253, 180, 185, 215, 207, 201, 217, 211, 226, 244, 221, 248, 237, 241, 243, 248, 235, 212, 244, 149, 249, 216, 203, 239, 253, 198, 209, 205, 197, 258, 232, 219, 207, 244, 209, 238, 238, 214, 228, 244, 233, 202, 236, 230, 253, 215, 249, 210, 187, 215, 192, 209, 212, 213, 257, 253, 228, 215, 225, 233, 238, 246, 205, 160, 247, 189, 241, 205, 112, 217, 206, 217, 210, 174, 138, 240, 237, 239, 256, 230, 219, 222, 190, 207, 227, 220, 223, 211
0.54, 196, 213, 243, 228, 245, 181, 218, 177, 183, 226, 215, 193, 209, 135, 202, 111, 179, 217, 219, 238, 241, 246, 242, 252, 226, 217, 216, 185, 211, 244, 198, 235, 194, 230, 211, 196, 193, 234, 229, 223, 231, 217, 209, 186, 230, 228, 226, 229, 249, 200, 205, 183, 239, 218, 200, 203, 210, 248, 231, 182, 234, 195, 246, 206, 232, 217, 223, 229, 194, 224, 229, 197, 208, 247, 236, 235, 232, 212, 216, 236, 174, 227, 218, 244, 239, 245, 229, 177, 240, 226, 207, 159, 231, 228, 203, 226, 237, 190, 239, 244
0.55, 231, 235, 216, 244, 213, 194, 242, 217, 176, 219, 154, 194, 207, 230, 211, 191, 220, 231, 168, 242, 227, 211, 183, 237, 212, 217, 218, 210, 217, 231, 235, 236, 235, 200, 227, 226, 231, 238, 186, 250, 214, 237, 191, 210, 240, 160, 244, 164, 223, 208, 213, 215, 228, 211, 218, 224, 205, 196, 187, 231, 230, 226, 231, 225, 206, 232, 234, 197, 216, 241, 224, 179, 164, 165, 220, 215, 242, 224, 208, 231, 221, 218, 221, 219, 211, 238, 157, 213, 201, 200, 236, 139, 206, 223, 221, 177, 206, 215, 225, 203
0.56, 175, 185, 211, 195, 224, 209, 219, 234, 219, 194, 181, 215, 232, 221, 205, 232, 217, 227, 236, 239, 180, 222, 140, 214, 199, 221, 150, 195, 102, 223, 217, 242, 226, 214, 177, 219, 181, 229, 206, 203, 220, 212, 225, 220, 235, 224, 171, 210, 131, 224, 204, 228, 210, 141, 205, 176, 234, 189, 216, 207, 177, 229, 182, 232, 212, 219, 211, 172, 224, 222, 198, 213, 181, 217, 167, 205, 214, 217, 173, 226, 229, 136, 165, 193, 216, 176, 213, 209, 219, 152, 201, 192, 124, 214, 224, 204, 236, 133, 210, 204
0.57, 229, 120, 206, 182, 181, 191, 205, 221, 231, 233, 210, 175, 201, 194, 173, 200, 211, 220, 152, 174, 174, 217, 226, 167, 189, 222, 170, 197, 194, 215, 228, 202, 202, 143, 230, 216, 180, 201, 215, 200, 209, 131, 222, 189, 169, 223, 134, 186, 223, 171, 220, 197, 233, 226, 200, 188, 197, 197, 213, 206, 194, 228, 207, 172, 155, 177, 170, 220, 226, 200, 187, 220, 192, 228, 197, 200, 185, 215, 188, 209, 196, 145, 220, 208, 211, 148, 225, 138, 220, 209, 206, 203, 212, 190, 194, 222, 212, 128, 231, 162
0.58, 204, 203, 138, 216, 180, 214, 209, 202, 218, 219, 197, 221, 197, 192, 200, 159, 206, 210, 149, 194, 214, 210, 173, 197, 212, 203, 186, 202, 134, 174, 216, 226, 194, 175, 180, 211, 215, 209, 203, 199, 197, 223, 184, 215, 212, 181, 205, 186, 217, 183, 208, 219, 195, 221, 198, 211, 183, 206, 211, 185, 199, 199, 211, 205, 155, 187, 192, 186, 214, 174, 213, 200, 146, 204, 203, 219, 215, 209, 211, 215, 210, 165, 220, 215, 218, 201, 216, 215, 201, 202, 222, 196, 187, 215, 140, 145, 200, 160, 203, 193
0.59, 189, 207, 211, 197, 191, 123, 182, 205, 185, 208, 170, 203, 200, 204, 204, 149, 191, 201, 192, 157, 212, 213, 149, 199, 216, 126, 189, 188, 199, 214, 148, 145, 201, 202, 145, 195, 172, 222, 163, 211, 161, 177, 213, 184, 189, 174, 196, 188, 208, 123, 211, 132, 152, 177, 175, 160, 179, 218, 184, 201, 182, 183, 178, 219, 198, 208, 212, 203, 201, 211, 184, 210, 186, 211, 182, 200, 223, 210, 191, 199, 186, 202, 215, 183, 205, 217, 215, 210, 215, 189, 180, 216, 149, 206, 140, 171, 166, 189, 151, 189
0.60, 125, 211, 174, 186, 204, 211, 192, 161, 189, 187, 184, 189, 168, 166, 214, 180, 199, 169, 214, 198, 160, 198, 202, 202, 195, 202, 199, 200, 202, 192, 212, 185, 177, 185, 126, 172, 187, 200, 172, 153, 184, 216, 194, 193, 165, 211, 177, 195, 202, 192, 179, 190, 202, 195, 195, 214, 210, 194, 163, 153, 209, 89, 200, 208, 195, 192, 198, 203, 217, 131, 203, 173, 192, 155, 212, 210, 199, 204, 163, 195, 203, 206, 206, 176, 210, 181, 195, 196, 162, 195, 199, 210, 213, 175, 189, 180, 180, 205, 179, 214
0.61, 166, 181, 190, 151, 172, 169, 87, 194, 198, 202, 181, 185, 200, 185, 168, 144, 194, 178, 166, 193, 168, 140, 177, 184, 205, 184, 190, 115, 183, 202, 188, 204, 193, 193, 146, 206, 188, 194, 187, 173, 201, 198, 193, 154, 175, 202, 144, 195, 161, 176, 201, 196, 198, 181, 199, 199, 193, 178, 151, 206, 196, 145, 183, 201, 186, 188, 205, 156, 203, 179, 147, 201, 196, 141, 158, 191, 127, 168, 183, 182, 203, 182, 186, 194, 189, 174, 208, 206, 180, 182, 196, 148, 188, 206, 190, 186, 166, 200, 129, 186
0.62, 136, 183, 180, 180, 188, 186, 195, 189, 189, 205, 199, 179, 157, 199, 190, 196, 209, 186, 191, 206, 147, 184, 188, 205, 191, 178, 184, 165, 110, 172, 158, 189, 188, 183, 152, 154, 186, 207, 158, 176, 202, 197, 200, 180, 185, 192, 185, 195, 197, 179, 175, 176, 185, 160, 144, 180, 203, 157, 112, 162, 158, 169, 164, 171, 149, 158, 200, 184, 136, 102, 158, 195, 193, 155, 156, 177, 191, 189, 189, 179, 165, 191, 194, 162, 160, 203, 193, 168, 190, 205, 178, 183, 180, 190, 182, 159, 160, 180, 185, 193
0.63, 181, 136, 191, 168, 169, 170, 155, 204, 164, 174, 185, 189, 169, 173, 188, 179, 181, 175, 195, 187, 170, 154, 168, 191, 194, 178, 186, 193, 111, 187, 187, 196, 193, 144, 194, 192, 182, 193, 192, 201, 175, 193, 158, 174, 176, 184, 176, 170, 190, 175, 157, 189, 177, 197, 167, 175, 159, 202, 169, 190, 173, 187, 186, 181, 147, 171, 186, 196, 132, 193, 178, 188, 162, 186, 186, 185, 180, 159, 180, 177, 197, 194, 189, 189, 144, 173, 192, 192, 188, 188, 180, 137, 183, 178, 184, 188, 140, 125, 180, 184
0.64, 158, 160, 164, 185, 168, 175, 140, 142, 168, 171, 193, 172, 168, 170, 181, 191, 182, 185, 141, 147, 160, 181, 171, 186, 176, 154, 162, 185, 189, 184, 207, 150, 196, 167, 188, 147, 161, 171, 180, 108, 138, 119, 172, 146, 181, 175, 193, 163, 136, 185, 183, 169, 193, 130, 178, 191, 183, 191, 165, 166, 183, 182, 176, 178, 189, 167, 130, 174, 176, 172, 179, 195, 180, 198, 169, 188, 145, 107, 151, 150, 191, 173, 194, 104, 187, 180, 145, 159, 167, 159, 175, 127, 162, 181, 173, 164, 169, 188, 195, 165
0.65, 162, 134, 160, 173, 190, 172, 156, 185, 191, 152, 177, 170, 184, 184, 155, 161, 180, 183, 151, 145, 129, 180, 160, 192, 186, 154, 187, 191, 148, 140, 188, 184, 189, 188, 166, 127, 182, 164, 180, 169, 138, 170, 186, 158, 139, 181, 153, 170, 171, 165, 167, 154, 186, 185, 176, 188, 153, 188, 175, 167, 194, 179, 178, 191, 181, 193, 183, 186, 137, 147, 169, 155, 170, 164, 139, 179, 134, 172, 178, 144, 177, 167, 181, 178, 178, 161, 146, 162, 168, 185, 172, 146, 150, 174, 185, 172, 165, 140, 174, 186
0.66, 121, 180, 163, 142, 182, 162, 174, 178, 124, 165, 164, 179, 172, 163, 174, 179, 164, 165, 161, 185, 176, 176, 175, 167, 190, 187, 133, 163, 181, 169, 172, 184, 99, 162, 172, 157, 130, 180, 173, 70, 179, 191, 171, 145, 175, 157, 163, 180, 173, 175, 121, 188, 170, 189, 156, 162, 168, 140, 162, 164, 172, 179, 179, 147, 152, 175, 140, 150, 167, 171, 182, 106, 180, 155, 183, 164, 179, 181, 148, 176, 171, 175, 189, 174, 97, 163, 181, 177, 183, 161, 168, 161, 161, 182, 139, 143, 176, 185, 146, 144
0.67, 180, 170, 153, 179, 182, 148, 178, 129, 154, 145, 150, 146, 161, 155, 98, 157, 166, 164, 162, 179, 170, 172, 161, 152, 157, 162, 173, 153, 161, 156, 129, 167, 144, 176, 175, 164, 164, 166, 186, 179, 166, 181, 173, 164, 182, 161, 170, 148, 164, 180, 161, 87, 169, 116, 154, 164, 163, 146, 157, 181, 157, 171, 154, 161, 180, 186, 172, 163, 175, 168, 164, 184, 126, 150, 153, 160, 173, 134, 182, 161, 183, 101, 166, 167, 162, 178, 169, 179, 175, 151, 166, 181, 176, 172, 167, 175, 172, 170, 161, 145
0.68, 160, 168, 139, 165, 172, 164, 168, 155, 150, 170, 173, 159, 168, 165, 134, 156, 176, 169, 154, 146, 158, 141, 148, 133, 172, 167, 158, 124, 164, 158, 161, 140, 177, 161, 161, 162, 175, 144, 120, 171, 168, 162, 163, 143, 177, 152, 150, 174, 168, 144, 168, 164, 180, 166, 169, 140, 160, 167, 134, 140, 155, 165, 159, 146, 138, 157, 169, 138, 168, 172, 129, 172, 172, 136, 149, 143, 156, 151, 170, 175, 143, 131, 150, 165, 168, 162, 155, 153, 163, 142, 167, 165, 165, 167, 172, 160, 75, 153, 165, 145
0.69, 148, 155, 171, 139, 160, 164, 145, 167, 149, 173, 157, 145, 157, 168, 159, 149, 148, 152, 167, 159, 153, 163, 112, 167, 109, 180, 162, 151, 164, 141, 166, 161, 151, 171, 161, 153, 165, 143, 172, 160, 136, 157, 149, 158, 130, 154, 169, 150, 142, 163, 118, 166, 121, 136, 153, 147, 165, 169, 170, 167, 133, 127, 172, 159, 159, 158, 155, 154, 156, 166, 154, 140, 150, 175, 157, 168, 126, 139, 142, 164, 142, 123, 154, 170, 176, 162, 155, 134, 152, 172, 115, 170, 145, 148, 164, 160, 161, 147, 156, 162
0.70, 149, 124, 100, 166, 156, 152, 163, 166, 148, 175, 128, 165, 167, 134, 146, 156, 115, 136, 139, 132, 144, 147, 138, 132, 156, 149, 164, 160, 169, 150, 171, 108, 156, 167, 169, 153, 164, 150, 165, 136, 157, 159, 149, 126, 165, 163, 165, 160, 165, 155, 167, 143, 130, 163, 171, 161, 136, 101, 167, 139, 127, 115, 173, 166, 152, 153, 150, 148, 149, 173, 158, 115, 177, 138, 150, 136, 116, 136, 143, 145, 169, 165, 167, 159, 128, 165, 157, 149, 133, 163, 153, 169, 135, 170, 163, 136, 158, 140, 148, 162
0.71, 154, 144, 131, 117, 163, 162, 171, 147, 122, 163, 155, 162, 143, 143, 150, 150, 151, 144, 164, 127, 168, 156, 163, 152, 131, 156, 151, 167, 146, 141, 141, 141, 136, 146, 163, 155, 161, 118, 159, 170, 154, 150, 143, 156, 130, 143, 129, 153, 158, 172, 148, 109, 140, 153, 156, 167, 147, 168, 138, 154, 140, 154, 160, 141, 157, 147, 166, 160, 138, 114, 122, 157, 153, 131, 176, 162, 151, 130, 123, 164, 138, 164, 137, 147, 120, 153, 156, 126, 145, 152, 163, 104, 126, 131, 149, 167, 153, 162, 95, 148
0.72, 143, 153, 145, 161, 157, 146, 145, 126, 160, 141, 153, 121, 145, 128, 139, 157, 128, 132, 160, 118, 137, 140, 143, 107, 138, 138, 167, 104, 140, 151, 159, 126, 108, 163, 151, 121, 121, 138, 160, 120, 128, 160, 138, 146, 161, 159, 148, 153, 110, 149, 149, 145, 153, 145, 150, 123, 162, 147, 142, 87, 144, 114, 168, 150, 127, 138, 150, 131, 142, 161, 158, 134, 157, 133, 143, 137, 146, 157, 148, 105, 141, 162, 156, 128, 153, 158, 156, 144, 133, 153, 151, 145, 137, 140, 152, 148, 166, 140, 110, 148
0.73, 85, 155, 140, 141, 154, 109, 152, 155, 137, 146, 141, 124, 114, 151, 145, 90, 157, 157, 166, 102, 132, 151, 158, 148, 149, 149, 161, 141, 147, 127, 141, 151, 133, 138, 153, 141, 161, 90, 145, 140, 153, 150, 142, 157, 146, 154, 142, 131, 148, 132, 159, 131, 156, 140, 148, 135, 143, 152, 156, 130, 146, 74, 142, 114, 128, 130, 153, 149, 145, 100, 143, 125, 135, 132, 148, 135, 116, 146, 146, 149, 149, 160, 132, 142, 159, 150, 139, 138, 146, 143, 145, 145, 153, 144, 146, 156, 146, 144, 162, 147
0.74, 148, 140, 156, 136, 134, 141, 147, 154, 140, 152, 148, 135, 132, 142, 113, 151, 151, 110, 115, 151, 131, 139, 159, 132, 135, 138, 92, 117, 137, 142, 143, 127, 131, 130, 124, 132, 125, 145, 156, 140, 154, 132, 134, 138, 145, 144, 132, 156, 122, 124, 145, 154, 100, 140, 135, 119, 118, 149, 154, 130, 157, 133, 142, 125, 139, 119, 107, 151, 128, 153, 156, 154, 145, 140, 138, 150, 146, 128, 127, 150, 133, 138, 146, 124, 150, 130, 117, 141, 143, 149, 128, 153, 139, 148, 151, 146, 134, 140, 126, 137
0.75, 103, 132, 136, 148, 140, 127, 122, 130, 144, 146, 143, 146, 122, 150, 117, 137, 144, 148, 113, 103, 124, 147, 153, 142, 135, 141, 133, 150, 118, 128, 144, 142, 109, 143, 147, 140, 146, 141, 148, 130, 117, 125, 130, 107, 145, 140, 140, 147, 126, 133, 155, 142, 154, 141, 152, 147, 117, 142, 153, 153, 140, 107, 146, 157, 138, 134, 145, 109, 147, 142, 126, 138, 142, 112, 129, 136, 144, 126, 137, 145, 142, 125, 143, 146, 118, 143, 118, 150, 150, 146, 133, 148, 85, 79, 124, 143, 147, 143, 154, 134
0.76, 144, 119, 129, 141, 139, 141, 153, 140, 122, 133, 145, 139, 133, 147, 133, 145, 134, 146, 124, 131, 147, 111, 145, 73, 122, 136, 145, 138, 120, 141, 121, 145, 143, 133, 120, 144, 124, 139, 131, 86, 134, 139, 141, 131, 109, 134, 93, 148, 113, 153, 147, 138, 145, 132, 95, 150, 149, 143, 139, 132, 150, 140, 144, 137, 116, 145, 113, 121, 145, 140, 112, 125, 132, 131, 131, 141, 131, 135, 133, 139, 133, 141, 151, 157, 149, 150, 90, 141, 125, 145, 121, 139, 133, 106, 142, 141, 133, 136, 134, 128
0.77, 144, 142, 135, 144, 128, 126, 134, 140, 144, 144, 74, 138, 130, 146, 125, 127, 139, 142, 145, 129, 112, 138, 107, 141, 125, 124, 115, 115, 134, 121, 128, 141, 143, 149, 137, 133, 150, 137, 140, 107, 133, 115, 138, 143, 127, 136, 147, 121, 102, 142, 134, 139, 143, 146, 128, 128, 127, 135, 136, 135, 142, 115, 112, 126, 130, 121, 142, 139, 145, 129, 136, 134, 145, 96, 138, 68, 141, 131, 140, 123, 137, 134, 122, 137, 131, 123, 114, 143, 139, 124, 129, 130, 141, 104, 131, 139, 141, 125, 138, 132
0.78, 126, 114, 127, 120, 102, 142, 122, 136, 138, 145, 133, 140, 126, 134, 129, 132, 139, 124, 121, 108, 84, 119, 128, 129, 134, 95, 115, 149, 140, 133, 125, 128, 135, 125, 107, 114, 131, 130, 118, 96, 116, 131, 133, 118, 143, 135, 110, 126, 138, 132, 126, 139, 144, 127, 133, 140, 114, 139, 136, 117, 142, 117, 134, 138, 131, 101, 127, 133, 145, 110, 141, 135, 125, 101, 92, 149, 128, 113, 107, 131, 132, 124, 130, 117, 129, 89, 127, 141, 108, 124, 128, 128, 147, 141, 134, 125, 110, 145, 123, 145
0.79, 111, 128, 138, 138, 115, 118, 126, 127, 137, 111, 131, 137, 114, 100, 124, 137, 136, 126, 130, 133, 117, 142, 129, 130, 109, 129, 127, 131, 123, 134, 94, 128, 122, 113, 110, 120, 115, 108, 128, 111, 122, 89, 141, 130, 133, 137, 136, 124, 106, 118, 128, 121, 120, 139, 131, 145, 138, 134, 120, 136, 133, 119, 119, 143, 127, 126, 128, 134, 135, 114, 131, 138, 135, 105, 131, 122, 122, 140, 127, 93, 104, 130, 110, 139, 110, 115, 133, 104, 133, 114, 111, 133, 133, 130, 61, 138, 111, 101, 118, 141
0.80, 103, 138, 107, 138, 129, 135, 102, 115, 129, 132, 130, 119, 127, 133, 120, 140, 135, 141, 129, 119, 132, 132, 126, 133, 120, 108, 125, 126, 118, 134, 128, 136, 133, 115, 112, 130, 127, 106, 134, 137, 130, 124, 131, 115, 138, 119, 113, 117, 130, 132, 118, 115, 133, 123, 119, 136, 120, 131, 138, 135, 129, 137, 116, 125, 138, 119, 115, 131, 132, 117, 123, 138, 88, 91, 138, 133, 133, 100, 117, 134, 140, 126, 134, 139, 122, 131, 128, 135, 135, 131, 126, 122, 59, 113, 124, 136, 89, 135, 124, 100
0.81, 122, 95, 127, 126, 118, 107, 109, 131, 136, 125, 107, 115, 126, 111, 119, 122, 128, 134, 134, 120, 98, 118, 119, 75, 134, 79, 124, 120, 109, 123, 126, 99, 121, 121, 115, 133, 126, 120, 124, 96, 101, 125, 80, 104, 127, 123, 117, 124, 86, 126, 129, 127, 114, 108, 126, 129, 128, 117, 120, 132, 126, 127, 96, 111, 130, 121, 121, 118, 119, 122, 133, 126, 103, 124, 116, 131, 97, 127, 132, 133, 120, 106, 133, 140, 112, 128, 132, 125, 137, 123, 135, 123, 114, 113, 123, 123, 112, 136, 84, 130
0.82, 127, 119, 122, 132, 120, 130, 112, 104, 123, 125, 112, 131, 130, 133, 128, 112, 114, 124, 117, 124, 124, 123, 123, 120, 134, 120, 127, 122, 127, 122, 129, 127, 93, 107, 85, 124, 102, 108, 104, 126, 127, 117, 124, 110, 128, 121, 103, 89, 122, 75, 128, 101, 130, 125, 127, 117, 126, 111, 106, 134, 113, 115, 85, 132, 127, 124, 78, 130, 127, 132, 109, 131, 123, 121, 115, 116, 123, 120, 118, 125, 123, 116, 91, 120, 122, 122, 113, 130, 127, 108, 122, 120, 111, 129, 119, 130, 123, 133, 124, 130
0.83, 129, 127, 123, 132, 90, 122, 123, 100, 115, 121, 118, 118, 122, 114, 130, 124, 115, 106, 128, 122, 124, 121, 108, 113, 129, 123, 119, 126, 110, 115, 115, 112, 128, 129, 135, 137, 65, 111, 91, 111, 110, 100, 106, 118, 127, 118, 99, 102, 123, 88, 120, 122, 120, 113, 117, 71, 115, 116, 111, 131, 122, 119, 119, 119, 120, 123, 116, 124, 126, 96, 122, 114, 125, 83, 112, 97, 122, 111, 118, 106, 109, 125, 130, 129, 104, 121, 117, 126, 131, 107, 129, 125, 107, 125, 119, 134, 124, 127, 91, 119
0.84, 118, 118, 103, 112, 118, 95, 114, 82, 127, 94, 121, 101, 121, 117, 112, 86, 128, 116, 115, 124, 89, 94, 119, 112, 123, 113, 109, 123, 125, 123, 127, 96, 118, 84, 122, 124, 119, 91, 120, 102, 121, 117, 121, 101, 112, 100, 113, 101, 123, 97, 111, 124, 126, 115, 127, 110, 120, 129, 119, 105, 119, 114, 115, 82, 119, 119, 115, 111, 119, 107, 110, 90, 100, 117, 115, 94, 120, 115, 124, 120, 116, 118, 83, 123, 122, 127, 124, 115, 116, 114, 80, 109, 106, 119, 127, 100, 105, 91, 100, 108
0.85, 121, 79, 92, 111, 109, 121, 96, 105, 104, 112, 119, 103, 121, 101, 109, 121, 124, 81, 112, 129, 115, 116, 109, 122, 121, 120, 114, 88, 62, 95, 117, 93, 110, 114, 123, 120, 103, 104, 120, 113, 116, 98, 116, 108, 102, 104, 113, 104, 96, 105, 113, 111, 86, 127, 80, 118, 117, 83, 113, 111, 119, 115, 80, 119, 112, 110, 126, 98, 125, 93, 116, 114, 119, 95, 110, 125, 91, 113, 99, 110, 93, 107, 128, 111, 113, 111, 106, 118, 114, 109, 93, 121, 82, 83, 113, 80, 115, 126, 65, 118
0.86, 119, 108, 106, 87, 119, 117, 74, 100, 115, 125, 105, 112, 110, 125, 116, 107, 115, 112, 119, 116, 115, 119, 117, 109, 110, 100, 117, 106, 109, 115, 123, 122, 117, 115, 105, 95, 118, 107, 101, 105, 119, 107, 121, 119, 103, 104, 115, 115, 111, 111, 79, 76, 95, 108, 99, 122, 110, 102, 111, 122, 102, 99, 114, 109, 100, 103, 116, 117, 109, 119, 108, 116, 121, 117, 104, 98, 116, 113, 100, 117, 122, 125, 111, 99, 109, 125, 107, 109, 53, 117, 97, 113, 88, 120, 116, 115, 104, 101, 113, 114
0.87, 112, 115, 107, 108, 100, 117, 116, 118, 111, 114, 89, 107, 116, 111, 117, 107, 115, 116, 112, 115, 109, 123, 104, 100, 113, 98, 100, 116, 92, 101, 114, 123, 116, 106, 100, 116, 119, 119, 110, 55, 89, 89, 88, 113, 94, 119, 88, 115, 120, 109, 107, 110, 115, 95, 113, 103, 118, 115, 112, 120, 107, 96, 107, 107, 113, 114, 79, 86, 107, 123, 97, 116, 94, 103, 107, 109, 113, 105, 89, 111, 86, 104, 78, 101, 92, 113, 110, 121, 93, 115, 112, 115, 114, 87, 114, 104, 110, 104, 117, 115
0.88, 87, 101, 114, 100, 103, 112, 95, 104, 105, 84, 109, 105, 111, 115, 107, 106, 87, 92, 91, 113, 116, 118, 101, 101, 114, 113, 111, 113, 103, 117, 111, 97, 99, 116, 103, 123, 114, 95, 89, 101, 98, 116, 78, 111, 70, 115, 107, 102, 100, 113, 95, 99, 109, 114, 102, 94, 91, 118, 118, 93, 81, 91, 113, 114, 110, 112, 100, 108, 89, 97, 106, 93, 97, 109, 113, 82, 109, 112, 107, 94, 110, 98, 108, 106, 106, 105, 101, 119, 109, 115, 96, 115, 113, 115, 113, 109, 108, 85, 94, 80
0.89, 105, 101, 116, 107, 111, 107, 95, 79, 95, 101, 116, 114, 106, 106, 117, 113, 112, 115, 113, 109, 110, 106, 104, 115, 81, 93, 116, 106, 121, 98, 113, 113, 106, 112, 118, 96, 113, 114, 99, 106, 74, 100, 98, 119, 98, 113, 115, 110, 94, 102, 88, 96, 102, 114, 101, 118, 104, 115, 103, 112, 107, 91, 106, 117, 109, 114, 92, 114, 102, 93, 105, 84, 108, 112, 105, 87, 104, 90, 95, 93, 90, 84, 115, 104, 93, 110, 94, 89, 108, 79, 95, 104, 92, 117, 104, 112, 103, 85, 101, 93
0.90, 107, 108, 112, 113, 84, 99, 87, 103, 111, 99, 113, 90, 104, 97, 97, 102, 108, 99, 94, 110, 110, 78, 94, 103, 108, 109, 91, 98, 110, 90, 100, 111, 91, 111, 104, 91, 111, 97, 44, 112, 108, 102, 84, 109, 94, 80, 105, 106, 103, 111, 107, 105, 102, 89, 93, 107, 90, 98, 110, 103, 104, 103, 103, 120, 104, 101, 108, 115, 98, 99, 95, 105, 100, 90, 112, 102, 98, 109, 99, 99, 104, 95, 113, 79, 113, 108, 96, 91, 108, 108, 118, 89, 87, 112, 113, 109, 110, 73, 112, 104
0.91, 107, 111, 71, 85, 110, 95, 101, 90, 100, 98, 104, 102, 107, 100, 99, 112, 104, 101, 111, 97, 100, 100, 111, 114, 111, 112, 116, 91, 105, 75, 92, 109, 94, 112, 98, 94, 112, 104, 106, 98, 94, 100, 79, 96, 110, 103, 96, 70, 67, 87, 103, 114, 106, 111, 79, 93, 88, 101, 96, 98, 97, 100, 99, 99, 106, 103, 96, 99, 109, 81, 103, 105, 112, 99, 106, 114, 98, 103, 96, 109, 98, 115, 112, 107, 80, 103, 92, 101, 101, 48, 88, 104, 102, 105, 86, 102, 95, 103, 80, 94
0.92, 90, 96, 99, 107, 94, 104, 101, 102, 101, 92, 100, 103, 97, 93, 77, 104, 98, 93, 106, 98, 98, 93, 93, 102, 106, 103, 102, 105, 98, 103, 89, 98, 98, 98, 91, 102, 108, 111, 101, 110, 99, 105, 99, 86, 90, 99, 109, 106, 108, 104, 79, 95, 103, 111, 86, 93, 105, 100, 91, 81, 96, 71, 47, 100, 96, 113, 99, 91, 83, 99, 97, 67, 90, 78, 105, 100, 52, 74, 105, 99, 109, 87, 103, 89, 109, 106, 94, 106, 84, 103, 81, 107, 101, 94, 102, 89, 107, 100, 98, 101
0.93, 87, 103, 92, 76, 86, 95, 102, 81, 95, 64, 99, 104, 101, 48, 103, 107, 97, 90, 95, 91, 87, 98, 98, 82, 98, 96, 98, 96, 101, 89, 90, 96, 85, 94, 107, 96, 103, 100, 109, 73, 101, 83, 76, 102, 86, 96, 86, 96, 102, 101, 103, 98, 101, 104, 91, 104, 107, 101, 92, 103, 91, 67, 80, 97, 96, 96, 99, 97, 98, 99, 97, 100, 89, 99, 96, 80, 97, 87, 88, 100, 98, 101, 101, 108, 101, 102, 103, 106, 101, 93, 93, 93, 99, 87, 92, 59, 103, 103, 102, 101
0.94, 97, 97, 78, 93, 90, 105, 103, 94, 88, 89, 88, 89, 103, 96, 80, 94, 95, 105, 100, 86, 100, 95, 104, 92, 87, 95, 95, 71, 89, 93, 97, 101, 99, 79, 78, 90, 103, 102, 87, 103, 100, 101, 100, 100, 80, 98, 63, 96, 86, 83, 98, 80, 99, 103, 83, 93, 102, 92, 106, 101, 90, 92, 98, 80, 89, 94, 86, 102, 76, 84, 91, 85, 77, 95, 103, 95, 87, 101, 80, 81, 102, 103, 104, 75, 96, 100, 104, 95, 93, 102, 93, 93, 86, 96, 96, 102, 103, 87, 110, 88
0.95, 91, 79, 102, 87, 92, 70, 98, 94, 92, 96, 75, 95, 101, 97, 102, 100, 96, 87, 99, 96, 89, 99, 95, 97, 87, 100, 95, 96, 102, 100, 98, 78, 87, 90, 96, 93, 99, 100, 97, 58, 94, 101, 96, 103, 101, 84, 87, 96, 104, 100, 104, 87, 95, 87, 94, 70, 103, 99, 85, 98, 98, 94, 94, 90, 84, 102, 90, 100, 108, 98, 96, 87, 91, 105, 92, 98, 90, 84, 66, 92, 81, 89, 80, 93, 100, 63, 91, 80, 78, 94, 94, 87, 92, 100, 102, 91, 65, 96, 100, 94
0.96, 73, 88, 94, 96, 88, 83, 62, 93, 95, 100, 83, 95, 91, 86, 84, 81, 95, 80, 97, 96, 83, 86, 94, 99, 90, 67, 73, 97, 89, 73, 92, 85, 89, 101, 90, 86, 97, 101, 70, 87, 99, 104, 94, 86, 73, 96, 103, 94, 94, 89, 95, 85, 95, 92, 85, 92, 88, 74, 95, 99, 95, 69, 67, 74, 83, 83, 86, 84, 101, 97, 104, 84, 100, 85, 100, 100, 99, 93, 92, 94, 89, 98, 95, 83, 96, 79, 81, 96, 94, 98, 102, 96, 96, 85, 89, 89, 98, 71, 92, 89
0.97, 92, 89, 93, 71, 74, 95, 97, 94, 95, 71, 87, 82, 96, 87, 78, 91, 95, 93, 87, 96, 81, 97, 87, 83, 79, 86, 92, 88, 88, 91, 86, 72, 89, 88, 78, 69, 83, 96, 78, 90, 72, 73, 96, 96, 83, 89, 85, 96, 88, 78, 93, 90, 92, 77, 87, 93, 88, 72, 79, 88, 76, 87, 61, 92, 87, 95, 95, 74, 82, 84, 94, 98, 85, 91, 74, 94, 101, 92, 85, 88, 70, 84, 94, 87, 81, 71, 86, 90, 66, 100, 97, 87, 90, 56, 92, 87, 82, 89, 98, 90
0.98, 95, 83, 100, 94, 95, 89, 92, 96, 89, 73, 78, 88, 92, 81, 81, 88, 77, 96, 80, 89, 97, 97, 87, 90, 85, 97, 64, 95, 77, 89, 92, 92, 92, 72, 89, 93, 89, 87, 76, 87, 85, 83, 70, 89, 93, 90, 96, 88, 84, 73, 87, 89, 88, 91, 76, 69, 97, 83, 99, 55, 92, 97, 85, 83, 90, 88, 92, 91, 70, 81, 90, 88, 81, 77, 93, 67, 89, 89, 91, 63, 90, 91, 94, 93, 95, 85, 74, 85, 93, 96, 79, 95, 92, 81, 76, 87, 94, 94, 88, 92
0.99, 39, 82, 90, 89, 88, 92, 61, 43, 84, 87, 81, 78, 86, 90, 92, 68, 71, 83, 91, 82, 82, 87, 85, 94, 83, 90, 74, 91, 83, 75, 85, 91, 93, 87, 73, 77, 74, 74, 90, 78, 95, 81, 77, 89, 86, 84, 85, 74, 70, 93, 83, 86, 87, 89, 88, 61, 86, 91, 95, 75, 81, 83, 79, 71, 82, 85, 78, 70, 60, 79, 91, 88, 80, 70, 84, 90, 91, 73, 91, 88, 87, 93, 91, 88, 89, 94, 94, 90, 89, 89, 89, 93, 81, 86, 89, 49, 79, 91, 81, 63
1.00, 89, 89, 80, 82, 85, 91, 72, 92, 93, 79, 70, 89, 67, 85, 83, 81, 78, 91, 58, 90, 92, 92, 85, 78, 90, 87, 56, 82, 87, 86, 86, 85, 71, 88, 68, 88, 81, 90, 91, 83, 93, 80, 73, 80, 84, 92, 90, 86, 85, 68, 91, 92, 84, 87, 78, 69, 94, 78, 90, 83, 73, 89, 73, 90, 66, 74, 83, 91, 80, 72, 84, 92, 80, 69, 91, 86, 70, 92, 93, 73, 87, 91, 83, 81, 89, 83, 81, 83, 93, 86, 94, 90, 84, 75, 87, 61, 80, 92, 87, 63
1.01, 78, 86, 82, 82, 77, 85, 81, 89, 81, 82, 69, 84, 86, 84, 87, 74, 89, 80, 76, 84, 83, 85, 88, 93, 90, 74, 85, 88, 82, 86, 70, 66, 81, 85, 91, 90, 92, 82, 70, 79, 73, 81, 78, 83, 91, 73, 89, 78, 84, 85, 82, 80, 87, 86, 68, 77, 77, 79, 78, 79, 76, 92, 88, 82, 47, 85, 88, 80, 84, 83, 80, 85, 92, 66, 82, 85, 85, 82, 87, 88, 69, 78, 88, 88, 80, 89, 87, 84, 46, 85, 85, 88, 87, 88, 73, 82, 78, 73, 90, 86
1.02, 90, 77, 74, 90, 81, 76, 73, 84, 60, 75, 76, 84, 87, 77, 75, 84, 86, 68, 83, 85, 79, 90, 83, 83, 86, 86, 74, 89, 80, 88, 63, 87, 89, 84, 82, 77, 59, 80, 73, 87, 83, 84, 58, 88, 78, 87, 82, 89, 59, 70, 81, 85, 84, 81, 84, 76, 86, 72, 90, 74, 78, 84, 69, 77, 85, 80, 77, 86, 70, 86, 78, 86, 78, 80, 77, 62, 88, 85, 79, 74, 79, 77, 61, 76, 82, 75, 85, 78, 85, 79, 86, 37, 75, 75, 81, 91, 80, 82, 82, 75
1.03, 81, 81, 91, 90, 85, 88, 68, 80, 82, 86, 81, 74, 84, 82, 69, 82, 54, 82, 80, 88, 55, 80, 88, 84, 75, 67, 81, 77, 81, 79, 88, 90, 73, 80, 83, 80, 73, 82, 90, 81, 80, 84, 70, 82, 81, 77, 88, 84, 82, 89, 84, 76, 75, 79, 83, 86, 81, 80, 86, 75, 85, 72, 74, 82, 77, 90, 87, 65, 79, 77, 75, 64, 78, 85, 56, 84, 81, 72, 78, 72, 85, 83, 82, 86, 84, 66, 81, 61, 73, 76, 76, 56, 78, 71, 85, 84, 85, 81, 75, 76
1.04, 70, 73, 75, 79, 67, 80, 75, 87, 76, 79, 66, 85, 82, 83, 84, 76, 82, 82, 80, 84, 78, 74, 80, 81, 82, 75, 83, 80, 86, 78, 84, 52, 82, 81, 73, 80, 71, 80, 66, 79, 81, 78, 84, 74, 87, 83, 77, 83, 84, 76, 82, 72, 80, 83, 81, 81, 76, 82, 68, 70, 83, 88, 84, 76, 84, 87, 67, 75, 79, 74, 72, 81, 84, 82, 76, 86, 70, 85, 74, 82, 64, 78, 86, 86, 85, 82, 73, 73, 74, 72, 73, 79, 66, 73, 80, 78, 84, 81, 76, 79
1.05, 83, 79, 71, 54, 70, 64, 67, 76, 79, 73, 73, 84, 71, 81, 71, 71, 81, 74, 59, 74, 81, 80, 76, 59, 71, 75, 73, 81, 82, 62, 78, 78, 62, 72, 77, 82, 66, 84, 72, 77, 79, 67, 86, 71, 75, 69, 82, 82, 71, 70, 84, 72, 61, 73, 75, 55, 76, 80, 79, 81, 73, 76, 79, 62, 73, 73, 70, 80, 73, 77, 86, 87, 58, 79, 78, 83, 76, 76, 83, 79, 55, 74, 78, 73, 64, 37, 82, 82, 80, 71, 79, 84, 77, 84, 79, 72, 79, 77, 74, 86
1.06, 76, 77, 58, 80, 70, 72, 79, 72, 81, 71, 72, 78, 79, 42, 73, 80, 81, 76, 76, 68, 81, 74, 82, 72, 67, 79, 69, 70, 80, 72, 72, 68, 85, 78, 79, 70, 78, 69, 80, 83, 69, 81, 79, 72, 70, 81, 76, 48, 62, 83, 81, 74, 68, 77, 79, 60, 77, 64, 82, 78, 77, 80, 69, 76, 75, 83, 55, 72, 77, 76, 66, 78, 77, 77, 75, 81, 77, 79, 68, 85, 66, 75, 81, 62, 83, 79, 64, 74, 78, 77, 67, 70, 74, 75, 73, 80, 62, 78, 83, 84
1.07, 80, 69, 77, 54, 69, 72, 76, 85, 77, 77, 84, 69, 67, 71, 58, 67, 80, 68, 61, 75, 72, 73, 78, 75, 68, 74, 80, 71, 72, 68, 70, 76, 72, 72, 62, 57, 64, 78, 65, 68, 73, 78, 79, 79, 67, 73, 73, 74, 74, 76, 76, 79, 58, 80, 78, 77, 65, 59, 56, 63, 73, 73, 79, 74, 67, 75, 65, 58, 70, 65, 61, 62, 71, 75, 67, 73, 59, 55, 70, 78, 65, 70, 69, 77, 78, 74, 70, 70, 66, 77, 54, 78, 73, 80, 78, 72, 56, 63, 74, 72
1.08, 77, 71, 68, 69, 70, 57, 54, 78, 76, 74, 64, 73, 60, 78, 71, 67, 74, 73, 75, 69, 67, 75, 79, 75, 66, 66, 73, 77, 59, 69, 65, 76, 68, 60, 75, 72, 72, 60, 76, 74, 65, 59, 73, 77, 62, 68, 55, 62, 69, 68, 62, 68, 72, 71, 78, 69, 80, 65, 57, 46, 74, 78, 73, 76, 66, 68, 75, 72, 73, 79, 73, 69, 68, 75, 73, 76, 58, 70, 62, 75, 71, 54, 63, 64, 72, 74, 71, 78, 80, 70, 80, 68, 73, 68, 73, 78, 65, 75, 73, 68
1.09, 74, 66, 64, 62, 75, 61, 53, 73, 75, 70, 71, 71, 74, 79, 75, 67, 72, 70, 79, 68, 78, 72, 60, 75, 71, 63, 68, 68, 70, 79, 78, 70, 76, 69, 77, 73, 68, 73, 49, 60, 75, 82, 68, 76, 56, 69, 71, 73, 72, 69, 72, 71, 79, 59, 70, 72, 73, 73, 75, 64, 64, 76, 76, 78, 66, 66, 66, 66, 70, 76, 54, 70, 66, 71, 73, 64, 65, 74, 69, 79, 77, 73, 61, 72, 59, 78, 64, 75, 76, 65, 72, 74, 76, 66, 73, 64, 63, 77, 71, 57
1.10, 62, 74, 73, 72, 57, 69, 55, 68, 57, 77, 61, 74, 71, 74, 68, 75, 69, 62, 73, 73, 43, 70, 64, 51, 67, 74, 72, 52, 71, 65, 72, 68, 59, 69, 60, 72, 70, 62, 56, 71, 72, 70, 73, 69, 48, 62, 64, 41, 73, 66, 72, 73, 68, 59, 76, 71, 74, 71, 61, 73, 68, 40, 65, 72, 70, 70, 76, 67, 69, 72, 58, 75, 74, 50, 64, 72, 70, 64, 70, 74, 74, 67, 75, 73, 73, 73, 70, 61, 75, 69, 69, 71, 62, 74, 72, 40, 71, 72, 67, 55
1.11, 67, 71, 69, 71, 70, 71, 71, 69, 72, 67, 72, 71, 71, 63, 65, 59, 70, 74, 74, 66, 70, 70, 72, 69, 64, 65, 69, 67, 71, 76, 64, 70, 63, 61, 72, 46, 60, 65, 71, 70, 65, 67, 61, 67, 70, 70, 69, 45, 68, 78, 70, 75, 72, 66, 67, 69, 72, 73, 47, 56, 69, 70, 77, 64, 66, 69, 64, 67, 65, 71, 55, 71, 61, 48, 42, 75, 52, 69, 72, 66, 72, 68, 64, 68, 72, 75, 69, 72, 66, 70, 67, 71, 64, 74, 72, 66, 74, 72, 69, 64
1.12, 65, 67, 61, 64, 66, 62, 72, 49, 72, 66, 66, 58, 63, 69, 73, 58, 69, 66, 73, 72, 64, 57, 70, 64, 64, 73, 70, 73, 55, 66, 71, 66, 46, 68, 71, 66, 68, 75, 61, 68, 61, 70, 59, 69, 64, 66, 65, 70, 63, 69, 69, 71, 70, 66, 65, 69, 68, 69, 70, 66, 53, 57, 60, 69, 59, 47, 63, 73, 65, 67, 49, 68, 66, 60, 69, 57, 67, 64, 59, 65, 66, 70, 65, 71, 64, 72, 71, 64, 69, 61, 64, 74, 60, 72, 73, 66, 73, 60, 65, 65
1.13, 59, 70, 51, 64, 68, 65, 47, 58, 54, 62, 66, 68, 62, 65, 73, 65, 73, 68, 70, 59, 41, 71, 59, 69, 58, 70, 68, 56, 61, 70, 72, 59, 60, 70, 51, 59, 63, 60, 68, 66, 52, 61, 71, 56, 56, 70, 58, 67, 63, 59, 64, 65, 64, 68, 62, 50, 64, 63, 43, 70, 69, 62, 69, 66, 70, 68, 61, 66, 56, 68, 67, 67, 67, 62, 68, 69, 68, 52, 61, 60, 66, 48, 70, 66, 30, 39, 65, 70, 61, 65, 68, 62, 69, 59, 59, 58, 67, 68, 62, 59
1.14, 61, 67, 62, 49, 66, 63, 69, 62, 55, 63, 61, 68, 66, 57, 55, 52, 64, 58, 62, 60, 67, 66, 67, 55, 70, 67, 58, 66, 69, 63, 69, 62, 67, 67, 58, 63, 62, 65, 54, 46, 60, 63, 65, 66, 71, 65, 68, 30, 67, 51, 69, 66, 62, 69, 71, 51, 70, 61, 57, 70, 62, 53, 58, 65, 60, 62, 66, 61, 64, 51, 58, 54, 65, 64, 64, 53, 54, 64, 62, 66, 73, 70, 68, 54, 67, 70, 65, 63, 65, 58, 61, 53, 56, 68, 67, 59, 69, 65, 60, 47
1.15, 49, 70, 68, 57, 60, 59, 43, 53, 68, 58, 36, 62, 60, 51, 66, 66, 64, 66, 53, 65, 59, 68, 68, 66, 69, 70, 66, 63, 60, 68, 61, 65, 63, 67, 53, 64, 59, 67, 65, 58, 72, 68, 66, 53, 63, 51, 63, 63, 61, 64, 59, 67, 67, 43, 61, 61, 61, 64, 58, 63, 53, 59, 51, 65, 67, 64, 63, 67, 66, 50, 67, 67, 64, 64, 59, 56, 64, 68, 50, 60, 63, 49, 64, 65, 57, 67, 54, 53, 64, 60, 70, 66, 46, 68, 65, 64, 68, 63, 63, 56
1.16, 66, 63, 62, 60, 56, 64, 61, 68, 49, 59, 59, 55, 65, 63, 60, 62, 66, 62, 67, 57, 58, 58, 65, 62, 63, 63, 58, 60, 57, 61, 62, 60, 63, 63, 64, 68, 66, 48, 65, 51, 59, 47, 52, 56, 67, 43, 56, 64, 58, 69, 44, 65, 52, 66, 67, 62, 65, 46, 59, 62, 55, 68, 68, 64, 59, 63, 63, 57, 55, 64, 61, 62, 55, 51, 65, 56, 59, 60, 62, 65, 60, 65, 63, 65, 63, 66, 42, 68, 50, 59, 65, 61, 59, 54, 64, 61, 66, 57, 58, 54
1.17, 59, 63, 60, 60, 46, 63, 62, 64, 57, 66, 57, 61, 64, 43, 61, 58, 64, 67, 60, 58, 66, 61, 61, 52, 60, 62, 59, 62, 63, 50, 59, 63, 63, 64, 43, 54, 55, 63, 64, 60, 63, 47, 48, 61, 68, 57, 58, 66, 62, 57, 62, 59, 68, 56, 64, 61, 59, 51, 65, 61, 51, 56, 64, 60, 53, 66, 61, 61, 60, 67, 56, 64, 58, 54, 64, 54, 57, 61, 63, 56, 60, 61, 62, 62, 58, 52, 67, 59, 60, 66, 57, 63, 62, 62, 59, 56, 60, 68, 61, 65
1.18, 57, 58, 59, 59, 56, 62, 65, 62, 60, 68, 51, 45, 64, 57, 62, 60, 61, 62, 62, 55, 61, 53, 55, 57, 64, 44, 61, 58, 64, 63, 59, 59, 62, 53, 59, 60, 60, 55, 54, 62, 61, 51, 58, 59, 55, 62, 55, 62, 60, 60, 65, 58, 64, 49, 63, 55, 62, 53, 59, 59, 58, 59, 61, 60, 54, 52, 63, 64, 51, 62, 43, 57, 57, 63, 61, 64, 53, 51, 60, 61, 42, 54, 57, 58, 45, 64, 64, 57, 59, 64, 62, 61, 61, 65, 61, 51, 50, 61, 65, 60
1.19, 62, 64, 56, 61, 48, 55, 60, 59, 63, 56, 52, 59, 52, 56, 51, 60, 61, 60, 49, 63, 57, 62, 60, 56, 53, 54, 45, 54, 61, 59, 57, 62, 64, 57, 55, 54, 60, 59, 55, 63, 54, 57, 56, 52, 55, 62, 58, 54, 62, 56, 60, 56, 62, 44, 62, 38, 63, 60, 59, 62, 48, 63, 56, 42, 53, 62, 55, 60, 54, 59, 56, 56, 57, 61, 57, 57, 61, 58, 58, 60, 58, 56, 63, 53, 65, 38, 55, 49, 57, 55, 59, 60, 61, 61, 57, 49, 61, 53, 58, 56
1.20, 45, 51, 59, 61, 57, 61, 50, 60, 57, 43, 60, 54, 59, 58, 56, 48, 61, 48, 58, 61, 53, 57, 54, 59, 60, 45, 37, 63, 60, 60, 57, 39, 57, 55, 43, 57, 58, 56, 58, 55, 57, 51, 57, 53, 53, 47, 61, 58, 51, 56, 57, 61, 44, 58, 58, 50, 57, 33, 59, 63, 57, 55, 53, 53, 52, 55, 56, 47, 57, 57, 41, 58, 51, 50, 57, 33, 57, 58, 50, 51, 62, 57, 57, 59, 52, 59, 55, 57, 55, 59, 62, 58, 57, 59, 59, 46, 60, 59, 56, 49
1.21, 57, 54, 48, 59, 52, 59, 57, 49, 53, 60, 56, 60, 54, 58, 54, 57, 59, 47, 56, 39, 47, 57, 38, 43, 54, 59, 56, 38, 57, 55, 54, 59, 62, 61, 56, 57, 52, 60, 56, 45, 50, 49, 59, 56, 55, 60, 52, 51, 54, 53, 53, 53, 47, 46, 52, 56, 55, 58, 59, 54, 41, 62, 50, 54, 47, 55, 60, 54, 61, 59, 49, 54, 60, 61, 57, 59, 55, 56, 56, 54, 48, 58, 58, 53, 51, 55, 56, 59, 48, 54, 58, 57, 45, 61, 56, 56, 52, 57, 55, 52
1.22, 57, 59, 52, 60, 43, 53, 57, 45, 59, 55, 57, 57, 52, 57, 60, 48, 59, 58, 57, 28, 54, 58, 55, 54, 57, 55, 51, 43, 54, 46, 50, 57, 40, 59, 57, 51, 55, 58, 57, 55, 50, 59, 34, 56, 57, 50, 54, 57, 53, 54, 54, 51, 54, 50, 52, 38, 51, 48, 56, 41, 56, 55, 52, 52, 58, 56, 54, 58, 53, 54, 46, 32, 56, 59, 56, 49, 55, 50, 53, 46, 42, 52, 49, 56, 57, 57, 55, 57, 54, 42, 59, 60, 48, 46, 54, 45, 51, 60, 55, 55
1.23, 50, 49, 57, 52, 45, 50, 55, 49, 55, 51, 52, 41, 52, 55, 53, 49, 50, 56, 54, 40, 49, 49, 58, 50, 58, 58, 49, 58, 45, 57, 54, 59, 55, 45, 51, 55, 56, 44, 48, 58, 45, 45, 57, 57, 45, 56, 46, 51, 58, 55, 49, 50, 58, 58, 46, 46, 53, 52, 37, 58, 54, 50, 56, 45, 48, 58, 56, 57, 58, 56, 52, 56, 52, 56, 55, 53, 42, 55, 56, 56, 54, 52, 55, 50, 54, 47, 56, 48, 50, 48, 50, 46, 37, 50, 53, 54, 46, 48, 56, 57
1.24, 22, 55, 38, 36, 50, 43, 51, 54, 43, 51, 55, 40, 38, 49, 54, 53, 48, 40, 53, 48, 50, 54, 48, 50, 48, 51, 52, 53, 49, 55, 56, 49, 50, 52, 55, 53, 49, 54, 56, 57, 44, 54, 52, 54, 51, 55, 52, 53, 54, 53, 53, 53, 50, 52, 57, 53, 50, 53, 51, 42, 51, 49, 48, 55, 49, 53, 48, 50, 55, 54, 21, 51, 51, 49, 57, 53, 58, 50, 43, 45, 51, 49, 54, 50, 57, 49, 48, 50, 54, 52, 51, 53, 53, 53, 57, 45, 49, 48, 54, 40
1.25, 48, 48, 53, 54, 35, 45, 51, 54, 51, 48, 55, 50, 56, 50, 48, 51, 49, 49, 31, 51, 50, 47, 46, 52, 54, 53, 49, 47, 52, 41, 45, 46, 50, 44, 46, 54, 53, 50, 54, 47, 53, 47, 47, 49, 52, 45, 51, 43, 55, 51, 51, 51, 56, 46, 50, 54, 44, 51, 51, 54, 50, 57, 54, 57, 49, 53, 56, 46, 52, 52, 47, 54, 49, 51, 52, 52, 43, 53, 50, 50, 54, 50, 42, 48, 35, 53, 54, 50, 47, 55, 49, 51, 48, 49, 52, 49, 49, 50, 48, 55
1.26, 39, 47, 50, 53, 50, 45, 51, 48, 51, 51, 41, 48, 49, 49, 48, 50, 50, 52, 47, 50, 51, 52, 45, 39, 51, 55, 54, 53, 56, 54, 40, 49, 53, 40, 40, 52, 38, 45, 42, 49, 48, 46, 45, 51, 43, 19, 44, 52, 47, 45, 51, 41, 54, 46, 53, 54, 38, 46, 45, 45, 52, 48, 47, 46, 45, 51, 49, 50, 48, 49, 49, 48, 52, 53, 47, 47, 48, 53, 52, 51, 49, 49, 53, 47, 49, 47, 47, 49, 46, 45, 53, 51, 46, 46, 49, 54, 42, 45, 51, 49
1.27, 44, 53, 52, 54, 54, 50, 47, 47, 52, 38, 44, 48, 51, 52, 39, 47, 20, 46, 51, 48, 43, 50, 50, 49, 32, 51, 43, 45, 53, 49, 49, 41, 46, 47, 48, 32, 42, 49, 53, 52, 42, 36, 52, 52, 53, 44, 43, 42, 50, 49, 50, 52, 52, 45, 44, 50, 45, 50, 49, 51, 46, 47, 47, 50, 53, 51, 47, 45, 53, 43, 47, 51, 49, 46, 51, 49, 50, 52, 47, 51, 49, 54, 53, 46, 47, 47, 53, 45, 50, 47, 50, 43, 53, 55, 42, 50, 51, 47, 42, 48
1.28, 49, 50, 47, 48, 47, 48, 50, 50, 41, 46, 53, 44, 41, 49, 48, 48, 48, 49, 43, 51, 42, 48, 51, 51, 48, 46, 50, 44, 51, 49, 41, 44, 49, 47, 33, 51, 48, 43, 50, 46, 44, 42, 44, 49, 44, 52, 46, 47, 40, 48, 49, 41, 41, 52, 51, 51, 46, 51, 42, 50, 43, 50, 51, 49, 34, 46, 50, 33, 49, 46, 48, 48, 46, 48, 48, 46, 48, 46, 45, 51, 22, 51, 52, 50, 44, 51, 31, 50, 50, 45, 45, 46, 47, 46, 51, 50, 49, 45, 45, 44
1.29, 40, 43, 45, 42, 47, 43, 45, 47, 46, 49, 49, 50, 48, 48, 51, 44, 46, 51, 39, 47, 46, 48, 46, 42, 50, 50, 49, 49, 47, 45, 50, 46, 48, 40, 40, 49, 48, 35, 45, 42, 45, 43, 43, 42, 52, 50, 38, 42, 41, 49, 45, 48, 50, 49, 49, 44, 48, 40, 49, 49, 44, 46, 38, 47, 51, 49, 48, 45, 40, 46, 37, 49, 47, 48, 42, 41, 42, 45, 50, 48, 50, 50, 47, 44, 47, 46, 40, 50, 26, 51, 47, 50, 51, 48, 45, 50, 38, 45, 43, 43
1.30, 40, 39, 50, 42, 43, 48, 45, 48, 42, 47, 43, 46, 47, 47, 38, 19, 45, 36, 45, 43, 37, 42, 42, 45, 45, 47, 45, 48, 41, 47, 49, 45, 49, 37, 43, 47, 45, 44, 39, 49, 42, 48, 50, 42, 47, 47, 44, 44, 39, 46, 47, 45, 47, 49, 46, 48, 50, 46, 43, 45, 48, 44, 46, 46, 46, 46, 45, 44, 48, 47, 32, 35, 39, 47, 33, 35, 35, 33, 42, 43, 38, 47, 46, 48, 41, 45, 50, 46, 42, 44, 40, 45, 41, 46, 35, 42, 46, 38, 44, 38
1.31, 42, 43, 41, 39, 45, 39, 46, 47, 47, 46, 46, 44, 41, 42, 41, 48, 43, 47, 46, 38, 44, 41, 43, 40, 47, 44, 40, 40, 45, 46, 47, 41, 41, 45, 47, 44, 47, 44, 46, 41, 49, 43, 45, 46, 28, 48, 42, 47, 48, 49, 45, 26, 42, 46, 47, 47, 37, 41, 44, 47, 39, 41, 40, 42, 45, 41, 42, 47, 46, 47, 38, 43, 41, 38, 44, 48, 45, 43, 39, 40, 43, 36, 46, 44, 46, 43, 41, 46, 37, 43, 43, 45, 33, 40, 45, 48, 46, 42, 43, 45
1.32, 44, 42, 42, 44, 43, 42, 45, 46, 41, 40, 45, 45, 42, 43, 45, 43, 46, 36, 48, 43, 45, 44, 29, 42, 40, 47, 34, 41, 39, 44, 47, 45, 42, 37, 46, 44, 34, 40, 46, 41, 37, 45, 45, 42, 42, 41, 40, 44, 43, 47, 33, 41, 40, 48, 35, 36, 48, 42, 42, 45, 45, 44, 47, 45, 36, 18, 45, 37, 39, 46, 45, 45, 37, 44, 41, 48, 44, 42, 31, 43, 43, 25, 45, 45, 39, 46, 41, 42, 41, 44, 41, 45, 42, 40, 31, 44, 45, 45, 22, 44
1.33, 39, 41, 40, 43, 44, 33, 47, 40, 41, 39, 41, 43, 46, 43, 41, 47, 42, 44, 43, 42, 46, 32, 43, 42, 40, 44, 42, 40, 37, 41, 42, 43, 42, 43, 45, 36, 43, 42, 36, 43, 44, 40, 41, 42, 40, 39, 43, 41, 44, 32, 35, 37, 35, 46, 39, 43, 41, 43, 40, 43, 24, 42, 41, 42, 41, 45, 41, 44, 45, 45, 44, 44, 43, 46, 43, 39, 41, 39, 39, 43, 46, 45, 41, 45, 31, 38, 44, 38, 25, 44, 42, 37, 40, 41, 37, 40, 44, 44, 41, 41
1.34, 40, 43, 39, 38, 42, 42, 42, 42, 40, 40, 33, 42, 41, 46, 43, 41, 37, 42, 41, 41, 41, 41, 43, 39, 38, 43, 41, 37, 44, 42, 40, 42, 38, 40, 45, 41, 37, 42, 38, 44, 41, 42, 27, 39, 40, 42, 42, 40, 43, 40, 42, 39, 41, 34, 35, 40, 41, 38, 45, 40, 42, 40, 37, 36, 40, 45, 34, 40, 38, 42, 39, 43, 41, 45, 43, 43, 37, 34, 45, 45, 38, 44, 39, 43, 43, 38, 40, 43, 38, 39, 44, 44, 39, 42, 45, 34, 36, 43, 39, 38
1.35, 35, 40, 39, 41, 29, 41, 34, 35, 37, 42, 36, 42, 42, 38, 41, 43, 41, 36, 41, 41, 38, 43, 39, 39, 36, 43, 39, 39, 40, 33, 34, 38, 41, 37, 40, 42, 40, 35, 42, 38, 43, 36, 33, 29, 37, 42, 41, 38, 40, 38, 40, 43, 26, 41, 31, 44, 42, 35, 39, 39, 41, 40, 41, 40, 41, 38, 37, 38, 40, 42, 37, 40, 35, 38, 41, 36, 39, 39, 42, 42, 35, 41, 42, 42, 43, 42, 40, 36, 35, 40, 42, 38, 35, 35, 43, 33, 37, 41, 39, 39
1.36, 35, 36, 32, 36, 39, 40, 32, 38, 40, 34, 39, 38, 40, 39, 37, 43, 39, 28, 40, 38, 40, 39, 43, 39, 43, 44, 33, 38, 39, 42, 40, 35, 34, 32, 35, 42, 38, 27, 42, 40, 41, 40, 36, 39, 32, 42, 31, 38, 34, 36, 36, 40, 42, 38, 32, 33, 39, 38, 36, 39, 37, 42, 38, 39, 38, 41, 40, 38, 42, 41, 39, 39, 36, 37, 27, 40, 34, 40, 41, 38, 33, 30, 37, 42, 37, 38, 42, 37, 36, 35, 38, 40, 39, 36, 37, 42, 41, 37, 37, 38
1.37, 35, 37, 39, 38, 35, 36, 37, 39, 40, 41, 41, 34, 39, 38, 40, 41, 33, 19, 25, 39, 27, 32, 37, 36, 35, 38, 37, 35, 34, 41, 38, 38, 41, 41, 29, 40, 40, 39, 37, 39, 32, 36, 29, 40, 29, 37, 37, 38, 34, 40, 41, 39, 33, 39, 38, 40, 37, 39, 33, 41, 37, 38, 33, 36, 39, 36, 37, 40, 39, 39, 36, 37, 36, 40, 39, 40, 36, 38, 35, 41, 37, 39, 39, 40, 37, 35, 35, 41, 37, 38, 39, 34, 37, 39, 33, 34, 39, 41, 33, 39
1.38, 30, 39, 35, 31, 38, 39, 27, 36, 40, 36, 35, 35, 36, 34, 37, 38, 39, 36, 34, 34, 37, 36, 35, 33, 40, 36, 39, 37, 28, 37, 33, 33, 35, 39, 39, 39, 37, 37, 38, 39, 27, 40, 27, 30, 38, 37, 35, 39, 37, 36, 28, 37, 29, 39, 32, 37, 33, 41, 30, 32, 38, 38, 40, 38, 35, 37, 39, 40, 41, 36, 31, 39, 37, 34, 39, 33, 41, 39, 38, 36, 32, 37, 37, 29, 39, 39, 37, 33, 38, 40, 35, 37, 34, 38, 39, 28, 38, 28, 37, 36
1.39, 40, 35, 33, 35, 34, 33, 36, 36, 35, 33, 34, 32, 34, 32, 35, 33, 36, 36, 35, 34, 36, 36, 33, 38, 38, 38, 35, 27, 37, 38, 34, 24, 37, 36, 38, 37, 28, 38, 38, 33, 40, 35, 28, 37, 36, 33, 33, 33, 37, 36, 38, 32, 38, 35, 34, 33, 27, 32, 33, 36, 35, 38, 34, 37, 37, 35, 33, 37, 38, 28, 37, 39, 35, 35, 36, 36, 38, 36, 36, 34, 35, 36, 34, 34, 37, 35, 38, 35, 37, 36, 38, 23, 34, 24, 34, 39, 29, 31, 36, 38
1.40, 20, 35, 37, 32, 31, 34, 35, 37, 34, 37, 33, 34, 39, 30, 37, 34, 37, 30, 36, 34, 34, 37, 32, 37, 30, 38, 34, 34, 37, 32, 28, 34, 20, 36, 37, 34, 36, 32, 28, 33, 33, 36, 34, 37, 31, 26, 36, 37, 35, 27, 36, 31, 36, 32, 36, 35, 29, 33, 34, 34, 35, 38, 35, 33, 33, 34, 32, 35, 32, 28, 37, 31, 36, 36, 33, 37, 37, 29, 34, 38, 34, 35, 37, 38, 34, 37, 33, 34, 37, 37, 33, 37, 36, 36, 36, 35, 33, 35, 32, 35
1.41, 31, 34, 30, 35, 35, 36, 30, 35, 34, 21, 33, 33, 34, 29, 36, 35, 32, 36, 27, 34, 35, 33, 35, 33, 35, 31, 32, 28, 29, 35, 27, 30, 29, 32, 33, 33, 34, 36, 35, 34, 34, 33, 33, 37, 33, 34, 35, 34, 36, 35, 32, 33, 33, 36, 34, 30, 33, 34, 36, 35, 33, 35, 31, 32, 34, 25, 26, 33, 32, 21, 26, 34, 35, 34, 33, 31, 33, 34, 33, 34, 26, 33, 26, 32, 24, 31, 31, 35, 34, 32, 34, 29, 31, 35, 31, 32, 35, 36, 26, 37
1.42, 33, 31, 31, 33, 32, 28, 30, 33, 35, 35, 32, 36, 32, 34, 31, 32, 36, 34, 35, 35, 35, 35, 24, 27, 35, 30, 32, 32, 28, 35, 32, 29, 32, 35, 34, 33, 34, 33, 31, 20, 31, 32, 31, 33, 36, 31, 28, 33, 31, 31, 33, 32, 32, 33, 33, 34, 35, 35, 35, 32, 34, 35, 28, 32, 32, 33, 26, 22, 29, 33, 33, 34, 32, 33, 34, 34, 31, 31, 29, 32, 32, 31, 31, 35, 32, 34, 33, 30, 33, 31, 31, 32, 31, 28, 31, 29, 32, 32, 34, 36
1.43, 31, 27, 33, 32, 32, 29, 26, 33, 22, 29, 33, 34, 26, 32, 31, 30, 30, 34, 28, 32, 25, 27, 29, 26, 23, 27, 32, 30, 33, 32, 31, 31, 25, 30, 27, 33, 31, 30, 22, 32, 25, 27, 30, 33, 32, 32, 34, 32, 31, 32, 29, 31, 33, 28, 32, 26, 31, 22, 32, 33, 31, 30, 32, 32, 32, 30, 33, 32, 29, 33, 26, 32, 34, 28, 26, 29, 28, 26, 25, 32, 31, 31, 32, 30, 31, 33, 29, 27, 34, 33, 33, 33, 32, 32, 31, 28, 32, 26, 25, 30
1.44, 32, 29, 24, 31, 30, 31, 33, 29, 27, 31, 32, 32, 30, 32, 28, 31, 30, 31, 23, 30, 33, 30, 28, 29, 30, 31, 31, 33, 28, 29, 30, 25, 31, 28, 29, 31, 33, 28, 28, 29, 27, 29, 32, 32, 31, 22, 29, 29, 28, 32, 33, 30, 31, 29, 31, 32, 29, 33, 30, 29, 26, 31, 29, 32, 32, 28, 31, 30, 26, 30, 31, 29, 29, 22, 28, 31, 29, 30, 31, 24, 32, 30, 28, 33, 25, 27, 29, 30, 30, 31, 30, 32, 31, 31, 23, 26, 31, 27, 32, 30
1.45, 30, 28, 30, 29, 22, 26, 30, 29, 31, 31, 26, 29, 28, 27, 30, 32, 29, 28, 29, 26, 30, 24, 29, 30, 32, 28, 26, 28, 32, 30, 27, 31, 29, 22, 32, 23, 29, 27, 23, 27, 28, 29, 29, 29, 30, 28, 30, 28, 30, 28, 28, 30, 24, 31, 29, 26, 30, 31, 28, 31, 27, 28, 31, 32, 30, 29, 25, 31, 26, 31, 23, 31, 29, 24, 25, 30, 31, 31, 24, 31, 31, 22, 28, 30, 31, 27, 32, 32, 30, 30, 28, 22, 27, 29, 30, 32, 29, 27, 30, 32
1.46, 29, 30, 30, 27, 29, 28, 29, 28, 25, 30, 30, 29, 29, 30, 29, 28, 31, 28, 26, 26, 29, 26, 27, 23, 29, 28, 27, 30, 29, 27, 28, 29, 27, 23, 29, 29, 25, 27, 27, 29, 25, 28, 29, 27, 23, 26, 29, 25, 29, 27, 30, 24, 28, 23, 27, 26, 29, 29, 28, 26, 29, 27, 30, 28, 28, 28, 29, 22, 27, 30, 26, 29, 26, 30, 28, 29, 31, 26, 27, 28, 26, 28, 27, 28, 28, 28, 28, 30, 27, 26, 27, 25, 28, 28, 26, 30, 25, 29, 25, 28
1.47, 25, 26, 26, 23, 27, 26, 28, 26, 24, 28, 24, 26, 28, 29, 28, 27, 22, 23, 22, 26, 26, 29, 25, 26, 28, 25, 27, 27, 26, 27, 29, 28, 26, 28, 26, 27, 28, 29, 28, 28, 26, 25, 27, 28, 27, 28, 26, 25, 27, 27, 23, 28, 27, 28, 26, 29, 26, 27, 28, 28, 27, 27, 27, 28, 26, 28, 23, 26, 28, 26, 25, 26, 27, 27, 25, 24, 26, 26, 28, 27, 26, 28, 26, 28, 27, 27, 24, 27, 28, 27, 28, 27, 23, 24, 26, 28, 25, 25, 28, 29
1.48, 27, 25, 24, 24, 26, 25, 25, 27, 27, 26, 24, 24, 23, 26, 26, 23, 25, 25, 25, 26, 24, 24, 23, 25, 24, 23, 24, 26, 25, 25, 26, 23, 27, 26, 23, 26, 27, 25, 25, 25, 24, 24, 23, 23, 25, 25, 25, 26, 27, 26, 26, 26, 25, 25, 25, 27, 27, 24, 28, 25, 27, 23, 23, 25, 24, 23, 25, 24, 25, 23, 24, 23, 23, 24, 24, 24, 28, 26, 26, 25, 26, 23, 26, 25, 23, 23, 23, 23, 26, 25, 26, 26, 27, 28, 25, 26, 26, 26, 25, 26
1.49, 23, 23, 25, 25, 23, 24, 24, 24, 24, 24, 24, 26, 24, 24, 23, 23, 24, 24, 24, 24, 24, 25, 24, 25, 23, 24, 24, 23, 24, 23, 24, 23, 24, 24, 24, 24, 25, 24, 25, 24, 24, 23, 25, 23, 24, 24, 23, 24, 25, 24, 24, 24, 24, 24, 23, 23, 24, 25, 24, 23, 24, 24, 24, 24, 24, 25, 23, 24, 24, 24, 25, 24, 24, 23, 25, 25, 24, 24, 25, 25, 24, 26, 23, 24, 25, 24, 25, 26, 24, 24, 24, 24, 25, 24, 24, 23, 25, 25, 24, 24
1.50, 24, 24, 24, 24, 24, 25, 24, 24, 24, 25, 24, 24, 24, 24, 24, 24, 24, 24, 24, 24, 24, 24, 24, 24, 24, 24, 24, 24, 24, 24, 24, 24, 24, 24, 24, 24, 24, 24, 24, 24, 24, 25, 24, 24, 24, 24, 24, 24, 25, 23, 24, 24, 24, 24, 24, 24, 24, 24, 24, 24, 24, 24, 24, 25, 24, 25, 24, 23, 24, 24, 23, 24, 24, 24, 23, 24, 24, 24, 24, 23, 24, 24, 24, 24, 24, 24, 24, 24, 24, 24, 24, 24, 24, 24, 24, 25, 24, 24, 24, 24
1.51, 24, 25, 25, 24, 25, 25, 25, 25, 24, 24, 24, 25, 25, 25, 24, 25, 24, 25, 25, 24, 25, 25, 24, 25, 25, 24, 25, 25, 25, 25, 25, 25, 25, 25, 25, 25, 25, 24, 25, 25, 24, 25, 24, 25, 24, 25, 25, 24, 24, 25, 25, 25, 25, 25, 25, 25, 25, 24, 24, 25, 25, 24, 24, 24, 25, 25, 25, 25, 24, 24, 24, 25, 25, 25, 24, 25, 24, 25, 25, 25, 24, 25, 24, 25, 25, 25, 25, 24, 24, 25, 25, 25, 24, 24, 25, 24, 24, 25, 24, 25
1.52, 25, 25, 25, 25, 25, 25, 25, 26, 26, 25, 25, 26, 25, 25, 25, 25, 25, 25, 25, 25, 25, 26, 25, 25, 26, 25, 25, 25, 25, 25, 26, 25, 25, 25, 25, 25, 25, 25, 25, 25, 25, 25, 25, 25, 26, 25, 25, 25, 25, 25, 25, 26, 25, 26, 25, 25, 25, 25, 25, 26, 25, 25, 25, 25, 25, 25, 25, 25, 26, 26, 25, 25, 26, 25, 26, 25, 25, 25, 25, 25, 26, 25, 25, 25, 26, 25, 25, 25, 25, 25, 25, 25, 25, 25, 25, 25, 25, 26, 26, 25
1.53, 26, 26, 26, 26, 26, 25, 26, 26, 26, 26, 26, 26, 26, 26, 26, 26, 26, 26, 26, 26, 26, 26, 26, 26, 26, 26, 26, 26, 26, 26, 26, 26, 26, 26, 26, 26, 26, 26, 26, 26, 26, 26, 26, 26, 26, 27, 26, 26, 26, 26, 26, 26, 26, 26, 26, 26, 26, 26, 26, 26, 26, 26, 26, 26, 26, 26, 26, 26, 26, 26, 26, 26, 25, 26, 26, 26, 26, 26, 26, 26, 26, 26, 26, 25, 26, 26, 26, 26, 26, 26, 25, 26, 26, 26, 26, 26, 26, 26, 25, 26
1.54, 27, 27, 27, 27, 27, 27, 26, 26, 27, 26, 27, 27, 27, 26, 26, 27, 27, 27, 27, 26, 26, 26, 27, 26, 26, 26, 27, 27, 27, 26, 27, 27, 27, 26, 27, 27, 27, 26, 26, 27, 27, 26, 27, 27, 26, 26, 27, 26, 27, 27, 26, 27, 26, 27, 26, 27, 27, 26, 27, 27, 27, 27, 26, 26, 27, 27, 27, 27, 27, 26, 27, 27, 26, 27, 26, 27, 27, 27, 26, 26, 26, 26, 26, 27, 27, 26, 27, 27, 26, 26, 27, 27, 26, 26, 27, 26, 27, 27, 27, 26
1.55, 27, 27, 28, 27, 27, 27, 27, 27, 27, 27, 27, 28, 27, 27, 27, 27, 27, 27, 27, 28, 27, 27, 27, 27, 27, 28, 27, 27, 27, 27, 28, 27, 27, 28, 27, 27, 27, 27, 28, 27, 27, 28, 27, 27, 27, 28, 27, 28, 28, 27, 27, 27, 27, 27, 27, 27, 27, 27, 27, 27, 28, 27, 27, 27, 27, 27, 26, 27, 27, 27, 27, 27, 28, 27, 27, 27, 28, 28, 27, 27, 28, 27, 27, 28, 27, 27, 27, 27, 28, 27, 28, 27, 27, 27, 27, 28, 28, 28, 27, 27
1.56, 28, 28, 27, 28, 28, 28, 28, 28, 28, 28, 28, 28, 28, 28, 28, 28, 27, 28, 28, 28, 28, 28, 28, 28, 28, 28, 28, 28, 28, 28, 28, 28, 28, 28, 28, 28, 28, 28, 28, 28, 29, 28, 28, 28, 29, 28, 28, 28, 28, 28, 28, 28, 28, 28, 28, 28, 28, 28, 28, 28, 28, 28, 28, 28, 28, 28, 28, 29, 28, 28, 28, 28, 28, 28, 29, 29, 28, 28, 29, 28, 28, 28, 28, 28, 28, 28, 28, 28, 28, 28, 28, 28, 28, 29, 28, 28, 28, 28, 28, 28
1.57, 29, 29, 29, 29, 29, 28, 29, 29, 29, 29, 29, 29, 29, 29, 29, 28, 29, 29, 29, 29, 29, 29, 29, 29, 29, 29, 29, 28, 29, 29, 29, 28, 29, 28, 29, 29, 28, 28, 29, 29, 28, 29, 29, 29, 29, 28, 29, 29, 29, 29, 29, 28, 29, 28, 28, 29, 28, 29, 29, 29, 29, 29, 29, 29, 28, 29, 29, 29, 29, 29, 29, 29, 29, 29, 28, 29, 29, 29, 29, 28, 29, 29, 29, 29, 29, 29, 28, 29, 29, 29, 29, 29, 29, 29, 30, 29, 29, 28, 29, 28
1.58, 29, 30, 30, 30, 29, 29, 30, 29, 30, 29, 30, 30, 29, 30, 30, 30, 30, 30, 30, 29, 30, 29, 30, 30, 29, 30, 30, 30, 29, 30, 29, 30, 29, 30, 30, 30, 30, 30, 30, 29, 30, 30, 29, 29, 30, 29, 30, 30, 29, 30, 30, 30, 30, 30, 29, 30, 29, 29, 30, 29, 29, 30, 30, 29, 29, 29, 30, 30, 30, 29, 30, 28, 30, 30, 30, 30, 30, 29, 30, 29, 30, 30, 29, 29, 30, 29, 30, 29, 30, 29, 29, 30, 29, 30, 30, 30, 29, 30, 30, 29
1.59, 30, 31, 30, 30, 31, 30, 31, 31, 30, 30, 31, 31, 30, 31, 30, 31, 30, 31, 31, 30, 30, 31, 30, 30, 30, 30, 31, 30, 30, 31, 31, 30, 30, 31, 30, 30, 29, 30, 31, 30, 31, 31, 30, 31, 31, 30, 31, 30, 30, 31, 31, 31, 31, 31, 31, 31, 31, 31, 31, 32, 31, 30, 30, 30, 31, 31, 30, 31, 30, 30, 31, 30, 30, 31, 30, 30, 31, 30, 30, 30, 30, 30, 30, 31, 30, 31, 31, 30, 30, 30, 30, 31, 31, 31, 31, 30, 31, 30, 30, 31
1.60, 32, 31, 31, 31, 31, 31, 31, 31, 32, 32, 31, 32, 31, 32, 31, 31, 32, 31, 31, 31, 31, 31, 31, 31, 31, 30, 31, 32, 31, 32, 31, 32, 31, 31, 32, 32, 31, 32, 32, 31, 31, 32, 31, 31, 32, 32, 32, 31, 31, 31, 31, 31, 31, 32, 32, 32, 31, 31, 31, 32, 31, 31, 31, 32, 32, 31, 31, 31, 31, 31, 32, 31, 31, 32, 32, 31, 31, 31, 31, 31, 32, 31, 31, 31, 32, 31, 31, 32, 32, 32, 31, 31, 31, 31, 32, 32, 31, 32, 31, 32
1.61, 32, 33, 32, 32, 33, 32, 32, 32, 32, 32, 33, 32, 33, 32, 32, 32, 33, 33, 32, 33, 32, 32, 32, 32, 32, 33, 32, 33, 32, 33, 32, 31, 32, 32, 33, 32, 32, 32, 33, 33, 32, 32, 31, 32, 33, 32, 32, 33, 33, 33, 32, 33, 32, 32, 32, 33, 33, 32, 32, 33, 33, 33, 33, 32, 32, 32, 32, 32, 32, 33, 32, 32, 32, 32, 32, 32, 32, 33, 32, 32, 32, 32, 32, 33, 32, 31, 33, 32, 32, 32, 32, 33, 31, 32, 32, 32, 31, 32, 32, 33
1.62, 33, 34, 34, 34, 33, 33, 33, 33, 33, 33, 33, 33, 33, 33, 34, 33, 33, 33, 33, 33, 34, 32, 33, 33, 34, 32, 33, 34, 35, 33, 34, 33, 33, 34, 34, 34, 33, 33, 34, 33, 34, 33, 33, 33, 33, 34, 33, 33, 33, 34, 33, 33, 33, 33, 32, 33, 33, 33, 34, 33, 33, 33, 33, 33, 33, 33, 33, 33, 33, 33, 33, 34, 33, 33, 33, 33, 33, 33, 34, 33, 33, 32, 33, 34, 33, 34, 34, 33, 33, 34, 33, 32, 33, 33, 33, 34, 33, 34, 34, 33
1.63, 34, 34, 34, 34, 34, 34, 34, 34, 34, 34, 35, 35, 34, 34, 35, 34, 34, 34, 34, 35, 33, 34, 34, 34, 34, 34, 35, 34, 35, 34, 34, 34, 34, 34, 34, 34, 34, 34, 34, 34, 34, 34, 34, 35, 34, 33, 33, 34, 34, 34, 34, 34, 34, 35, 35, 34, 35, 33, 35, 34, 34, 35, 34, 34, 34, 34, 34, 35, 33, 33, 34, 33, 34, 34, 33, 35, 33, 34, 34, 35, 35, 34, 35, 34, 34, 34, 34, 34, 33, 34, 35, 35, 34, 35, 34, 34, 34, 34, 34, 34
1.64, 34, 36, 35, 35, 35, 34, 34, 35, 36, 34, 36, 35, 35, 35, 35, 35, 36, 36, 35, 35, 35, 36, 35, 35, 35, 35, 35, 34, 36, 36, 35, 35, 36, 36, 36, 36, 36, 35, 36, 34, 35, 35, 36, 36, 35, 35, 35, 36, 35, 35, 36, 35, 35, 35, 34, 35, 35, 35, 35, 35, 35, 36, 35, 35, 36, 35, 35, 35, 34, 35, 35, 35, 34, 35, 36, 36, 36, 36, 35, 34, 35, 35, 35, 35, 36, 35, 34, 35, 35, 35, 36, 35, 35, 35, 36, 34, 35, 36, 35, 36
1.65, 36, 36, 36, 36, 36, 37, 36, 36, 37, 37, 36, 35, 36, 37, 36, 35, 36, 36, 36, 36, 36, 37, 36, 36, 36, 36, 36, 36, 36, 37, 36, 36, 36, 36, 37, 36, 36, 36, 36, 37, 36, 36, 36, 36, 36, 36, 36, 36, 36, 36, 36, 36, 36, 37, 36, 36, 35, 36, 36, 36, 37, 36, 36, 35, 36, 36, 37, 36, 37, 35, 36, 37, 36, 36, 37, 36, 37, 36, 36, 36, 36, 36, 36, 37, 37, 36, 37, 36, 36, 36, 36, 36, 35, 36, 36, 36, 35, 36, 36, 36
1.66, 37, 37, 38, 37, 37, 37, 37, 37, 37, 37, 37, 37, 37, 37, 36, 37, 37, 37, 37, 37, 38, 37, 37, 37, 37, 37, 37, 37, 38, 38, 37, 37, 37, 37, 37, 37, 37, 37, 37, 37, 36, 38, 37, 37, 37, 37, 38, 37, 37, 36, 37, 37, 37, 37, 37, 37, 37, 37, 37, 37, 37, 36, 37, 37, 36, 37, 37, 37, 37, 37, 37, 37, 37, 37, 37, 37, 38, 37, 37, 37, 37, 38, 37, 36, 37, 37, 37, 38, 37, 37, 37, 37, 37, 37, 37, 37, 37, 37, 38, 37
1.67, 38, 38, 38, 39, 38, 39, 38, 38, 39, 38, 38, 38, 38, 38, 38, 38, 38, 38, 38, 38, 38, 38, 38, 38, 38, 38, 39, 39, 38, 39, 38, 39, 38, 38, 39, 38, 38, 38, 38, 39, 38, 38, 39, 38, 39, 38, 39, 38, 39, 39, 38, 38, 38, 38, 38, 39, 39, 39, 38, 38, 38, 38, 37, 39, 39, 38, 38, 38, 38, 38, 38, 37, 38, 38, 38, 37, 39, 38, 39, 38, 38, 38, 38, 38, 39, 39, 39, 38, 39, 38, 39, 38, 38, 38, 38, 37, 38, 38, 37, 38
1.68, 40, 39, 39, 40, 39, 40, 39, 40, 40, 39, 39, 39, 39, 39, 40, 39, 40, 39, 39, 40, 40, 39, 40, 40, 39, 40, 39, 39, 40, 40, 40, 40, 39, 39, 39, 39, 39, 40, 39, 40, 39, 39, 40, 40, 39, 40, 39, 40, 39, 40, 40, 40, 40, 40, 39, 40, 39, 40, 39, 40, 39, 40, 40, 39, 40, 40, 39, 40, 39, 39, 39, 40, 39, 39, 39, 40, 39, 39, 39, 40, 40, 40, 39, 40, 39, 39, 40, 39, 40, 39, 39, 39, 39, 39, 39, 40, 39, 39, 39, 39
1.69, 41, 41, 41, 40, 42, 41, 41, 41, 41, 41, 41, 41, 41, 40, 41, 41, 40, 41, 41, 41, 41, 41, 42, 42, 41, 41, 41, 41, 40, 41, 41, 42, 41, 41, 41, 41, 41, 41, 40, 41, 40, 41, 41, 41, 41, 41, 41, 41, 41, 41, 41, 41, 41, 41, 42, 41, 41, 41, 42, 41, 41, 41, 41, 40, 41, 41, 41, 41, 41, 41, 41, 41, 41, 40, 41, 41, 41, 41, 41, 41, 41, 41, 41, 41, 40, 42, 41, 40, 42, 41, 40, 41, 41, 40, 41, 41, 41, 41, 41, 41
1.70, 43, 43, 42, 42, 42, 43, 43, 42, 43, 42, 42, 42, 43, 43, 43, 42, 43, 43, 42, 43, 42, 42, 42, 43, 43, 42, 42, 42, 43, 43, 43, 42, 42, 42, 42, 43, 42, 43, 43, 42, 43, 43, 42, 43, 42, 43, 42, 43, 42, 43, 43, 43, 42, 42, 43, 42, 43, 43, 42, 43, 42, 42, 43, 42, 42, 42, 42, 43, 42, 43, 43, 42, 42, 43, 43, 43, 42, 43, 43, 42, 43, 42, 42, 43, 42, 42, 43, 43, 42, 42, 42, 42, 42, 42, 42, 43, 43, 43, 42, 43
1.71, 45, 44, 45, 44, 44, 45, 44, 44, 45, 45, 45, 44, 44, 44, 45, 44, 44, 45, 44, 44, 44, 45, 43, 44, 45, 44, 44, 45, 44, 44, 43, 44, 44, 44, 44, 45, 44, 44, 44, 45, 44, 43, 44, 44, 44, 44, 44, 45, 44, 43, 44, 44, 44, 45, 45, 44, 44, 44, 44, 43, 44, 45, 44, 44, 44, 44, 44, 45, 44, 44, 44, 45, 44, 45, 44, 45, 45, 44, 45, 44, 44, 45, 44, 44, 44, 45, 44, 45, 44, 44, 44, 43, 45, 44, 44, 44, 44, 44, 44, 44
1.72, 45, 46, 46, 46, 46, 46, 47, 46, 47, 46, 46, 46, 46, 46, 47, 46, 46, 46, 46, 46, 46, 47, 46, 46, 46, 47, 46, 46, 45, 46, 46, 46, 46, 46, 46, 46, 46, 46, 46, 46, 46, 47, 46, 46, 46, 45, 46, 45, 45, 47, 47, 46, 46, 46, 47, 46, 47, 46, 46, 46, 46, 47, 45, 46, 46, 46, 46, 46, 46, 46, 46, 46, 47, 47, 46, 46, 45, 46, 46, 46, 46, 45, 45, 46, 46, 46, 46, 46, 46, 46, 46, 46, 46, 46, 46, 46, 45, 46, 47, 46
1.73, 48, 48, 47, 48, 48, 48, 48, 48, 48, 48, 48, 48, 49, 48, 48, 48, 47, 49, 48, 47, 48, 48, 48, 49, 49, 48, 47, 48, 48, 48, 48, 48, 48, 48, 49, 49, 48, 48, 48, 48, 48, 48, 48, 48, 47, 48, 48, 49, 49, 48, 49, 47, 48, 48, 48, 48, 47, 48, 48, 47, 48, 48, 48, 47, 48, 47, 47, 49, 49, 48, 48, 48, 49, 48, 48, 48, 48, 48, 48, 48, 48, 48, 48, 48, 48, 49, 48, 47, 49, 47, 48, 48, 48, 48, 49, 48, 48, 48, 49, 48
1.74, 50, 50, 49, 51, 50, 51, 50, 50, 51, 51, 50, 50, 49, 50, 50, 50, 50, 50, 51, 50, 50, 50, 49, 50, 50, 49, 50, 51, 51, 51, 50, 50, 50, 49, 50, 49, 51, 51, 50, 50, 50, 50, 49, 49, 50, 50, 50, 50, 50, 50, 50, 50, 50, 50, 50, 51, 50, 51, 50, 51, 50, 50, 51, 50, 51, 50, 50, 50, 50, 50, 49, 49, 50, 50, 50, 50, 50, 51, 49, 50, 50, 49, 50, 50, 50, 49, 50, 50, 50, 50, 50, 50, 51, 49, 50, 50, 49, 50, 49, 50
1.75, 52, 53, 51, 52, 52, 53, 52, 52, 52, 51, 52, 52, 52, 53, 52, 53, 52, 52, 52, 53, 52, 53, 52, 52, 52, 52, 53, 52, 53, 52, 52, 52, 52, 52, 52, 53, 52, 52, 52, 52, 52, 51, 52, 52, 53, 53, 53, 52, 53, 53, 52, 52, 52, 52, 52, 52, 53, 52, 52, 51, 53, 52, 51, 52, 51, 52, 51, 52, 53, 53, 53, 52, 52, 51, 52, 53, 52, 52, 52, 52, 51, 52, 52, 52, 52, 53, 51, 52, 52, 51, 53, 51, 52, 52, 51, 52, 52, 52, 52, 51
1.76, 55, 54, 54, 55, 55, 54, 54, 55, 53, 54, 54, 54, 54, 54, 54, 55, 54, 54, 55, 54, 55, 54, 54, 55, 54, 55, 54, 55, 55, 55, 54, 55, 54, 55, 54, 53, 54, 54, 54, 54, 54, 54, 54, 54, 54, 55, 54, 54, 54, 54, 53, 55, 54, 54, 53, 55, 55, 54, 54, 54, 55, 54, 55, 54, 55, 55, 54, 53, 54, 54, 55, 55, 55, 54, 55, 55, 53, 54, 55, 54, 53, 54, 54, 55, 54, 54, 54, 54, 54, 55, 55, 54, 54, 54, 54, 54, 54, 54, 54, 54
1.77, 56, 57, 57, 57, 57, 56, 57, 57, 58, 56, 57, 56, 56, 57, 57, 58, 56, 57, 56, 57, 57, 57, 57, 57, 57, 58, 57, 57, 57, 57, 56, 57, 56, 57, 57, 57, 57, 58, 57, 57, 58, 57, 57, 57, 57, 56, 57, 57, 57, 58, 56, 57, 57, 56, 57, 57, 57, 58, 57, 56, 57, 56, 57, 57, 56, 57, 57, 56, 58, 57, 56, 57, 57, 56, 57, 58, 57, 57, 57, 57, 57, 58, 56, 57, 57, 57, 58, 57, 58, 57, 57, 58, 57, 56, 58, 57, 57, 57, 57, 57
1.78, 60, 59, 61, 60, 59, 60, 59, 60, 59, 60, 59, 60, 60, 59, 60, 60, 60, 59, 60, 59, 61, 60, 60, 59, 59, 60, 59, 59, 60, 59, 60, 60, 60, 59, 60, 61, 59, 60, 60, 60, 59, 59, 59, 59, 60, 59, 60, 60, 59, 61, 60, 60, 59, 59, 60, 59, 60, 60, 60, 59, 60, 60, 60, 60, 60, 61, 61, 60, 59, 59, 60, 60, 61, 60, 60, 61, 59, 60, 59, 59, 59, 60, 59, 60, 60, 59, 60, 61, 60, 60, 60, 61, 61, 60, 59, 60, 60, 59, 59, 59
1.79, 63, 63, 63, 64, 63, 62, 63, 64, 63, 64, 62, 62, 63, 62, 63, 63, 63, 62, 62, 63, 63, 63, 63, 63, 62, 63, 63, 64, 62, 64, 62, 63, 62, 63, 63, 63, 63, 63, 63, 63, 63, 62, 63, 63, 63, 64, 63, 63, 63, 63, 63, 62, 63, 62, 62, 63, 63, 63, 63, 63, 63, 63, 62, 62, 63, 62, 63, 64, 62, 62, 63, 63, 63, 62, 63, 63, 63, 63, 63, 63, 63, 63, 63, 64, 62, 63, 62, 62, 63, 63, 64, 63, 64, 63, 63, 63, 63, 63, 63, 63
1.80, 66, 66, 66, 66, 66, 66, 66, 67, 66, 67, 66, 67, 66, 66, 67, 65, 66, 65, 67, 67, 65, 66, 66, 66, 67, 67, 66, 66, 67, 65, 67, 65, 66, 66, 66, 66, 66, 66, 67, 67, 66, 67, 67, 66, 66, 66, 66, 67, 66, 66, 67, 66, 65, 67, 65, 66, 65, 66, 67, 66, 66, 68, 66, 65, 67, 67, 68, 67, 66, 65, 66, 66, 67, 66, 67, 65, 66, 66, 67, 67, 66, 66, 67, 67, 66, 66, 67, 66, 66, 66, 67, 67, 67, 67, 66, 65, 67, 66, 68, 66
1.81, 70, 70, 72, 69, 70, 70, 70, 71, 70, 70, 70, 70, 70, 70, 71, 69, 70, 71, 70, 71, 70, 70, 70, 69, 70, 71, 69, 70, 69, 70, 70, 70, 69, 71, 70, 69, 70, 69, 71, 70, 70, 70, 69, 71, 70, 69, 70, 70, 69, 70, 69, 70, 70, 70, 69, 70, 71, 70, 69, 70, 69, 70, 70, 70, 70, 71, 70, 70, 69, 69, 72, 70, 69, 70, 70, 71, 71, 70, 70, 70, 71, 70, 70, 70, 70, 71, 71, 70, 69, 71, 70, 70, 70, 70, 69, 69, 70, 70, 70, 70
1.82, 73, 74, 74, 74, 74, 74, 74, 74, 74, 74, 74, 73, 73, 74, 75, 74, 74, 74, 73, 74, 74, 73, 74, 73, 73, 73, 73, 74, 73, 73, 74, 74, 74, 73, 73, 74, 74, 74, 73, 74, 73, 73, 73, 74, 74, 73, 73, 74, 73, 74, 74, 73, 74, 74, 74, 73, 74, 73, 74, 73, 74, 74, 74, 73, 73, 73, 74, 75, 74, 74, 72, 73, 73, 74, 73, 74, 73, 74, 74, 74, 74, 73, 74, 75, 74, 73, 73, 73, 74, 74, 75, 74, 74, 74, 74, 73, 74, 74, 74, 74
1.83, 78, 78, 77, 79, 77, 79, 78, 79, 78, 78, 80, 78, 78, 79, 78, 79, 78, 79, 79, 78, 77, 78, 79, 78, 77, 78, 78, 78, 78, 79, 79, 78, 78, 79, 79, 78, 79, 79, 79, 79, 80, 79, 78, 78, 78, 77, 77, 78, 78, 78, 79, 80, 79, 79, 79, 78, 78, 79, 79, 78, 79, 79, 78, 78, 78, 79, 80, 78, 78, 79, 78, 79, 78, 77, 79, 77, 78, 79, 79, 79, 78, 79, 78, 77, 78, 78, 79, 78, 78, 78, 78, 77, 79, 78, 78, 78, 79, 78, 78, 79
1.84, 84, 83, 85, 84, 85, 83, 85, 86, 84, 84, 84, 84, 84, 84, 84, 83, 83, 83, 83, 84, 83, 84, 86, 85, 85, 84, 83, 84, 84, 83, 83, 84, 84, 84, 84, 82, 84, 84, 84, 84, 84, 82, 83, 85, 83, 84, 84, 84, 85, 83, 85, 84, 83, 83, 83, 83, 83, 83, 83, 83, 83, 84, 83, 83, 84, 84, 84, 82, 84, 84, 84, 84, 83, 84, 85, 84, 82, 83, 85, 85, 84, 84, 84, 85, 84, 84, 85, 84, 84, 83, 84, 84, 84, 85, 83, 84, 84, 83, 84, 85
1.85, 90, 90, 90, 90, 91, 90, 90, 90, 90, 89, 91, 90, 90, 91, 89, 90, 89, 90, 88, 90, 89, 89, 90, 89, 89, 89, 90, 90, 89, 91, 90, 90, 91, 91, 89, 90, 90, 91, 89, 89, 89, 90, 90, 90, 90, 90, 90, 91, 88, 91, 90, 90, 90, 89, 90, 90, 89, 89, 90, 90, 91, 90, 90, 89, 89, 91, 90, 90, 90, 90, 89, 90, 92, 91, 90, 90, 89, 90, 89, 90, 91, 90, 89, 91, 91, 90, 90, 90, 90, 89, 90, 90, 91, 90, 90, 91, 90, 90, 90, 90
1.86, 95, 95, 96, 96, 96, 97, 97, 97, 97, 96, 97, 96, 97, 97, 97, 97, 98, 97, 95, 98, 97, 96, 96, 96, 97, 97, 96, 96, 96, 97, 95, 96, 95, 95, 96, 98, 96, 95, 95, 95, 96, 96, 96, 97, 95, 97, 95, 97, 97, 97, 97, 94, 97, 96, 95, 96, 97, 96, 96, 97, 97, 96, 96, 96, 96, 95, 95, 96, 95, 96, 95, 96, 96, 96, 96, 96, 96, 96, 97, 96, 97, 96, 97, 96, 96, 96, 96, 96, 95, 96, 96, 96, 97, 98, 96, 95, 96, 98, 96, 97
1.87, 106, 104, 104, 103, 106, 103, 105, 103, 103, 103, 106, 105, 104, 104, 104, 105, 104, 107, 104, 104, 105, 103, 104, 104, 105, 104, 105, 104, 105, 106, 105, 104, 106, 104, 104, 106, 104, 104, 104, 103, 105, 104, 106, 104, 104, 103, 104, 105, 105, 105, 105, 104, 104, 104, 105, 104, 103, 104, 103, 104, 104, 104, 105, 105, 102, 104, 104, 104, 103, 105, 105, 104, 102, 103, 103, 103, 105, 104, 104, 103, 104, 104, 104, 104, 104, 106, 105, 103, 103, 103, 105, 103, 103, 105, 103, 105, 104, 104, 104, 104
1.88, 114, 114, 114, 113, 113, 112, 113, 112, 112, 112, 112, 114, 113, 114, 112, 113, 114, 112, 112, 113, 113, 113, 115, 114, 113, 113, 114, 113, 113, 115, 112, 113, 113, 113, 114, 111, 113, 113, 112, 112, 114, 112, 113, 114, 112, 112, 113, 113, 112, 114, 113, 113, 112, 113, 113, 113, 114, 113, 113, 113, 113, 114, 114, 115, 113, 113, 113, 112, 112, 114, 112, 114, 112, 113, 114, 114, 113, 114, 114, 114, 112, 112, 112, 112, 113, 112, 114, 113, 114, 114, 112, 114, 113, 113, 113, 113, 114, 113, 113, 114
1.89, 124, 125, 125, 123, 124, 125, 124, 125, 124, 125, 122, 124, 123, 124, 124, 123, 124, 123, 123, 124, 124, 124, 123, 123, 125, 124, 126, 124, 125, 125, 123, 124, 123, 124, 124, 124, 126, 125, 124, 124, 123, 124, 123, 123, 126, 124, 123, 124, 124, 123, 125, 124, 124, 124, 125, 124, 125, 125, 124, 124, 125, 124, 125, 123, 124, 123, 122, 124, 124, 125, 124, 124, 124, 124, 125, 124, 125, 123, 123, 125, 124, 125, 126, 123, 123, 123, 124, 123, 124, 125, 126, 124, 123, 124, 123, 124, 124, 124, 123, 124
1.90, 136, 139, 137, 138, 136, 136, 137, 136, 137, 136, 139, 136, 139, 138, 137, 136, 138, 137, 135, 137, 136, 138, 136, 136, 136, 138, 138, 136, 137, 134, 137, 136, 139, 137, 137, 138, 138, 137, 137, 136, 135, 136, 138, 137, 139, 136, 135, 137, 136, 137, 137, 137, 136, 137, 138, 136, 137, 135, 138, 135, 139, 137, 138, 137, 136, 136, 137, 138, 136, 136, 137, 138, 137, 138, 137, 137, 137, 136, 137, 136, 137, 137, 138, 136, 138, 138, 136, 137, 138, 136, 137, 136, 136, 137, 138, 137, 137, 137, 137, 138
1.91, 153, 153, 151, 153, 154, 153, 153, 151, 151, 153, 154, 153, 154, 150, 155, 151, 154, 153, 154, 153, 154, 153, 152, 151, 154, 152, 154, 153, 153, 154, 153, 153, 155, 151, 153, 153, 154, 153, 154, 153, 153, 153, 151, 152, 151, 155, 152, 152, 153, 154, 153, 151, 154, 155, 154, 153, 152, 153, 152, 153, 152, 154, 153, 153, 153, 154, 152, 153, 153, 154, 152, 152, 152, 153, 152, 152, 152, 154, 153, 153, 153, 153, 154, 153, 152, 154, 154, 152, 152, 151, 153, 154, 154, 153, 153, 154, 153, 153, 154, 152
1.92, 174, 172, 173, 170, 171, 173, 172, 173, 171, 174, 172, 173, 171, 173, 174, 170, 172, 171, 175, 173, 172, 172, 173, 170, 172, 173, 173, 172, 174, 174, 171, 172, 171, 173, 172, 172, 174, 174, 172, 174, 170, 172, 174, 171, 170, 173, 173, 173, 172, 172, 172, 171, 174, 172, 172, 175, 171, 172, 174, 172, 174, 172, 172, 172, 173, 173, 171, 172, 173, 171, 170, 170, 172, 173, 171, 171, 172, 173, 172, 173, 170, 174, 174, 172, 172, 171, 173, 173, 174, 172, 172, 172, 174, 173, 170, 173, 172, 173, 172, 172
1.93, 200, 198, 198, 200, 198, 199, 199, 198, 196, 197, 197, 199, 196, 197, 197, 196, 197, 197, 197, 197, 199, 198, 197, 200, 198, 198, 199, 196, 200, 200, 198, 197, 198, 198, 195, 200, 200, 198, 197, 197, 199, 196, 197, 201, 196, 196, 195, 199, 196, 197, 196, 200, 201, 200, 198, 197, 199, 197, 198, 196, 200, 198, 195, 197, 199, 196, 196, 197, 197, 198, 198, 197, 196, 195, 200, 198, 195, 202, 196, 197, 200, 198, 196, 196, 198, 196, 197, 196, 198, 198, 198, 197, 198, 200, 196, 198, 200, 199, 198, 198
1.94, 230, 231, 232, 230, 234, 232, 231, 229, 230, 230, 232, 234, 232, 231, 230, 231, 230, 232, 232, 233, 231, 234, 230, 228, 235, 233, 234, 232, 234, 229, 232, 231, 232, 230, 232, 234, 231, 231, 233, 230, 229, 229, 232, 231, 233, 231, 230, 232, 232, 231, 231, 233, 231, 233, 230, 232, 233, 233, 233, 231, 232, 229, 234, 232, 227, 234, 236, 231, 231, 233, 231, 233, 233, 230, 228, 230, 231, 233, 233, 233, 232, 230, 231, 227, 235, 233, 233, 234, 230, 234, 231, 231, 231, 233, 232, 231, 231, 233, 231, 233
1.95, 274, 281, 279, 279, 278, 279, 280, 275, 282, 281, 278, 279, 279, 277, 279, 281, 280, 280, 277, 277, 279, 279, 276, 280, 274, 279, 279, 279, 279, 279, 279, 279, 278, 279, 276, 278, 276, 277, 281, 275, 278, 280, 279, 279, 283, 277, 277, 280, 279, 277, 280, 279, 277, 280, 275, 282, 279, 280, 278, 277, 280, 279, 278, 273, 278, 279, 278, 280, 278, 276, 278, 280, 277, 278, 278, 278, 279, 280, 278, 281, 282, 277, 279, 280, 279, 280, 278, 280, 282, 279, 278, 279, 277, 279, 281, 281, 277, 282, 277, 277
1.96, 351, 349, 347, 349, 353, 346, 353, 352, 347, 349, 350, 348, 350, 349, 350, 346, 349, 348, 348, 349, 347, 351, 349, 348, 351, 348, 350, 347, 350, 347, 350, 353, 350, 346, 348, 352, 349, 350, 347, 348, 349, 351, 348, 347, 353, 351, 349, 348, 348, 349, 346, 346, 350, 350, 348, 351, 349, 349, 351, 350, 350, 352, 352, 351, 348, 350, 346, 347, 350, 350, 348, 351, 351, 350, 350, 346, 346, 351, 350, 352, 352, 345, 352, 351, 345, 348, 349, 348, 347, 349, 350, 347, 349, 353, 347, 351, 347, 348, 348, 351
1.97, 467, 463, 463, 466, 465, 468, 468, 468, 464, 469, 468, 469, 471, 473, 465, 471, 464, 468, 465, 465, 469, 471, 467, 466, 468, 470, 470, 463, 468, 467, 468, 470, 467, 465, 462, 467, 465, 465, 466, 468, 471, 467, 469, 470, 466, 471, 466, 460, 470, 465, 472, 467, 468, 472, 469, 467, 468, 466, 466, 468, 473, 466, 467, 469, 469, 470, 465, 468, 471, 466, 468, 464, 468, 468, 466, 468, 468, 468, 467, 469, 467, 462, 467, 468, 467, 469, 464, 464, 466, 466, 466, 470, 469, 465, 465, 462, 466, 463, 471, 467
1.98, 702, 700, 698, 707, 705, 697, 698, 706, 709, 706, 703, 702, 705, 702, 704, 701, 702, 707, 702, 704, 708, 700, 708, 708, 711, 713, 707, 703, 705, 703, 705, 709, 701, 703, 705, 708, 705, 705, 704, 704, 702, 700, 706, 699, 698, 705, 711, 704, 705, 699, 708, 708, 707, 706, 699, 707, 710, 701, 709, 702, 701, 705, 705, 700, 695, 706, 705, 700, 703, 707, 704, 697, 712, 702, 705, 705, 705, 697, 703, 706, 709, 700, 706, 706, 707, 700, 695, 708, 707, 707, 702, 703, 707, 706, 690, 699, 704, 708, 700, 699
1.99, 1407, 1417, 1433, 1408, 1414, 1404, 1414, 1411, 1422, 1405, 1409, 1412, 1420, 1411, 1425, 1418, 1411, 1417, 1402, 1419, 1398, 1432, 1415, 1403, 1414, 1406, 1393, 1414, 1405, 1415, 1416, 1421, 1407, 1404, 1406, 1409, 1405, 1419, 1416, 1417, 1417, 1391, 1411, 1417, 1410, 1418, 1385, 1416, 1416, 1415, 1408, 1399, 1405, 1413, 1409, 1397, 1412, 1414, 1420, 1390, 1398, 1417, 1402, 1411, 1403, 1399, 1407, 1413, 1415, 1414, 1416, 1412, 1403, 1416, 1406, 1413, 1396, 1416, 1411, 1414, 1417, 1402, 1412, 1410, 1408, 1419, 1407, 1411, 1413, 1418, 1394, 1403, 1411, 1410, 1408, 1407, 1415, 1415, 1411, 1406
0.50 239.9
0.51 235.0
0.52 228.0
0.53 219.9
0.54 216.1
0.55 213.4
0.56 202.5
0.57 196.8
0.58 197.8
0.59 188.7
0.60 188.9
0.61 180.6
0.62 177.8
0.63 177.5
0.64 168.9
0.65 168.8
0.66 164.0
0.67 162.0
0.68 156.8
0.69 153.8
0.70 150.2
0.71 147.3
0.72 142.1
0.73 140.8
0.74 137.6
0.75 135.5
0.76 133.2
0.77 130.9
0.78 126.4
0.79 123.8
0.80 124.5
0.81 119.0
0.82 118.8
0.83 116.2
0.84 111.8
0.85 107.7
0.86 109.4
0.87 106.8
0.88 103.8
0.89 103.5
0.90 101.1
0.91 99.0
0.92 96.5
0.93 94.4
0.94 93.1
0.95 92.2
0.96 89.5
0.97 86.1
0.98 86.6
0.99 82.4
1.00 82.8
1.01 81.7
1.02 79.2
1.03 78.9
1.04 78.2
1.05 74.4
1.06 74.2
1.07 70.7
1.08 69.8
1.09 70.0
1.10 66.9
1.11 67.3
1.12 65.5
1.13 62.5
1.14 62.0
1.15 61.3
1.16 60.1
1.17 59.8
1.18 58.3
1.19 56.8
1.20 54.6
1.21 54.2
1.22 52.6
1.23 51.8
1.24 50.0
1.25 49.7
1.26 47.9
1.27 47.6
1.28 46.5
1.29 45.6
1.30 43.5
1.31 43.1
1.32 41.6
1.33 41.0
1.34 40.4
1.35 38.7
1.36 37.7
1.37 36.9
1.38 35.8
1.39 34.7
1.40 33.9
1.41 32.4
1.42 32.0
1.43 30.0
1.44 29.6
1.45 28.5
1.46 27.6
1.47 26.5
1.48 25.0
1.49 24.1
1.50 24.0
1.51 24.6
1.52 25.2
1.53 26.0
1.54 26.6
1.55 27.2
1.56 28.1
1.57 28.8
1.58 29.6
1.59 30.5
1.60 31.3
1.61 32.2
1.62 33.2
1.63 34.1
1.64 35.2
1.65 36.1
1.66 37.0
1.67 38.2
1.68 39.4
1.69 41.0
1.70 42.5
1.71 44.2
1.72 46.0
1.73 48.0
1.74 50.0
1.75 52.1
1.76 54.2
1.77 56.9
1.78 59.7
1.79 62.9
1.80 66.3
1.81 70.0
1.82 73.7
1.83 78.3
1.84 83.8
1.85 89.9
1.86 96.2
1.87 104.2
1.88 113.1
1.89 124.0
1.90 136.9
1.91 152.9
1.92 172.3
1.93 197.7
1.94 231.6
1.95 278.6
1.96 349.1
1.97 467.2
1.98 703.9
1.99 1410.4
